100
15
000100010110000
1 8 9 12 13 19 24 28 38 40 48 49 57 67 68 
11
11001111011
1 9 11 17 26 34 40 46 54 62 70 
14
11111011111111
1 4 14 17 24 28 32 42 48 54 56 66 70 79 
17
11111111111111110
1 4 8 12 17 22 29 36 42 49 53 55 56 58 59 66 71 
5
01101
1 2 12 22 28 
6
110100
1 8 13 19 28 36 
15
110010101111010
1 4 5 12 20 27 36 45 46 51 59 69 71 72 82 
17
00100010101000110
1 9 19 22 32 38 40 43 45 52 56 63 68 72 78 82 92 
12
111010011100
1 9 14 23 29 39 47 48 55 63 66 70 
17
11110011111111110
1 9 11 19 25 30 37 43 52 61 71 76 77 83 87 91 96 
7
1001111
1 10 16 19 23 29 38 
8
10110000
1 4 5 13 21 24 31 33 
7
1011011
1 4 9 17 25 32 34 
13
0001100001000
1 9 13 20 30 33 36 42 51 52 62 67 72 
17
10110100111011111
1 6 16 20 21 23 27 36 46 48 58 64 70 74 79 86 89 
13
0110010010000
1 3 11 15 23 29 35 43 45 49 57 60 63 
12
101111011011
1 3 12 22 31 35 42 49 59 65 75 81 
12
100000010010
1 9 14 22 28 34 44 53 60 70 79 81 
12
010001000000
1 2 8 14 23 31 37 44 53 56 61 69 
19
1111000110110100000
1 10 11 20 29 30 38 39 46 51 53 62 70 71 78 79 81 88 95 
14
10110011100011
1 5 10 20 21 27 36 44 51 58 68 76 78 83 
18
111111001100110000
1 9 19 28 29 31 32 41 49 54 63 72 74 83 88 89 99 108 
20
11000000101010001100
1 5 11 20 30 39 40 47 55 56 60 70 74 84 86 88 96 102 109 110 
7
1111010
1 2 3 9 10 11 13 
16
0101011101001010
1 9 10 11 17 21 31 33 35 41 50 59 61 71 73 80 
13
0101001011011
1 7 9 15 25 35 40 48 49 50 60 62 70 
6
010000
1 8 13 18 22 23 
20
11111111011111111111
1 10 20 29 39 45 54 62 71 72 79 84 94 104 106 108 113 114 117 118 
17
00100100010000100
1 6 8 16 25 32 39 46 53 54 61 64 74 82 86 91 92 
12
100000001011
1 6 9 19 21 25 35 40 44 47 49 55 
15
010000111110110
1 7 10 20 25 26 35 40 47 57 59 60 69 72 82 
18
101011111111111111
1 6 16 19 23 32 41 42 43 51 57 63 66 72 80 82 83 93 
10
1111110000
1 8 13 15 21 26 30 33 39 47 
9
001000100
1 3 13 19 27 36 39 43 45 
19
1000000011000000000
1 9 17 25 35 39 46 48 52 59 65 70 76 78 79 84 90 93 99 
14
01100010010000
1 5 6 11 14 19 23 27 29 36 42 47 57 61 
12
110000000011
1 2 6 12 14 22 29 36 39 48 50 54 
13
0000000100000
1 10 11 21 28 35 44 50 54 59 68 75 85 
18
011111111111011110
1 6 15 20 23 24 33 40 49 55 65 75 78 81 87 93 99 102 
15
010010111111111
1 8 12 15 25 34 44 46 55 58 61 62 67 77 81 
10
0010000100
1 2 10 14 16 21 25 32 36 46 
11
10101101000
1 3 7 8 17 26 28 34 43 47 56 
13
0111111111110
1 4 14 19 29 36 37 46 51 58 59 62 63 
16
1000000010100100
1 3 4 5 13 15 25 34 35 37 42 52 56 62 63 66 
12
100000110111
1 7 8 14 21 22 32 36 45 53 54 63 
17
11111101110101110
1 4 6 7 13 19 26 34 37 46 47 49 51 60 62 65 70 
12
010111100100
1 2 8 13 23 27 30 36 41 47 57 58 
12
101010000010
1 7 9 16 17 21 28 37 41 47 52 56 
18
111110101110111111
1 10 18 26 31 38 48 54 57 65 69 79 89 90 96 103 105 111 
17
10001101011000000
1 2 11 18 28 29 38 47 56 61 71 73 77 85 87 92 96 
10
0111001011
1 5 13 18 26 34 37 43 50 60 
12
001111100100
1 8 11 21 24 32 40 42 44 47 56 63 
19
1110101010111100010
1 2 7 12 21 23 29 39 46 54 61 71 74 75 80 81 83 87 96 
11
00000010000
1 8 10 16 17 27 35 37 45 51 58 
13
1111011011011
1 6 8 18 28 37 43 48 55 61 67 77 82 
5
11100
1 2 4 6 15 
8
00000010
1 9 11 16 17 27 28 32 
8
11100100
1 6 11 13 15 20 28 31 
11
00110100111
1 7 13 23 28 35 40 42 50 52 56 
12
010100000000
1 6 10 19 25 28 32 36 46 53 60 67 
6
101110
1 4 8 18 27 33 
9
000000101
1 5 15 25 33 34 37 38 41 
19
1011010111000011101
1 4 5 13 14 22 26 35 39 46 56 65 67 71 78 83 91 94 103 
20
11110111111101111100
1 9 19 24 31 39 44 50 51 54 55 63 67 71 78 81 90 95 102 107 
12
011101111011
1 4 11 15 19 26 30 39 46 56 59 68 
8
01001010
1 11 14 24 28 32 40 46 
7
1111110
1 11 15 19 23 29 32 
14
00100000001000
1 2 9 16 23 26 36 45 55 60 64 66 69 72 
6
001110
1 11 20 25 29 38 
12
110101010100
1 11 18 24 28 33 37 40 43 52 53 60 
9
011001110
1 6 13 17 19 26 34 40 48 
7
0111101
1 7 17 20 22 31 35 
13
0110100101111
1 11 20 27 29 36 41 48 53 62 71 79 88 
8
11111110
1 10 19 29 32 39 45 51 
17
00110100000011110
1 6 10 12 15 25 35 44 49 55 57 66 76 81 85 93 102 
11
11110111111
1 2 9 12 19 26 32 37 41 47 50 
9
010000010
1 9 16 24 32 41 48 56 60 
17
10010001001101110
1 5 15 21 27 33 36 44 52 62 66 69 78 88 93 97 104 
15
010000010001000
1 8 11 18 22 32 39 42 45 50 60 67 76 84 94 
5
01111
1 10 19 28 35 
17
01000000000000000
1 10 13 14 18 23 27 29 31 36 37 43 52 62 64 73 82 
17
10000101110000000
1 3 10 16 20 23 30 39 42 46 51 57 59 61 70 77 85 
17
11111111110110111
1 6 11 18 22 32 41 42 44 52 58 62 71 80 82 88 98 
15
001000010000000
1 10 17 19 22 29 38 48 49 53 55 61 71 77 87 
17
01110000100010000
1 3 13 23 24 32 41 48 51 60 65 72 76 83 89 98 107 
20
01111111111111111111
1 10 17 26 32 33 37 43 49 59 62 69 78 82 89 90 100 107 117 120 
10
1110001110
1 10 11 12 20 21 22 29 34 38 
6
101000
1 8 14 20 22 27 
10
0000000110
1 7 9 18 26 32 36 38 48 55 
20
11101111011111111101
1 3 9 12 21 25 28 35 41 46 48 49 59 61 71 77 80 81 86 87 
7
0110001
1 3 12 13 16 23 29 
7
0011111
1 3 5 14 17 19 26 
17
11100011100001001
1 8 14 21 24 31 33 38 39 41 43 44 54 57 63 73 82 
16
0100010001101011
1 6 8 17 19 25 30 32 34 35 37 39 45 52 60 66 
14
10111111111011
1 11 20 28 34 42 50 59 67 75 84 85 86 95 
17
00000000010000110
1 3 6 15 16 25 32 39 45 48 55 57 61 63 73 75 78 
9
001000000
1 3 10 14 20 28 33 36 41 
9
000010100
1 6 13 18 24 30 36 41 47 
20
00000000000000001000
1 3 6 7 15 17 19 25 32 35 39 49 57 61 70 79 87 94 100 107 
8
00000010
1 6 12 15 19 29 32 34 
