100
6
100001
1 2 3 4 9 12 
17
10000000000000001
1 2 6 7 9 12 15 19 23 24 29 30 32 36 37 41 46 
15
100000000000001
1 4 6 10 13 14 17 22 23 27 32 33 35 38 40 
19
1000000000000000001
1 5 8 11 13 14 16 19 24 28 31 34 38 42 47 52 55 60 63 
8
10000001
1 5 10 15 20 23 24 25 
17
10000000000000001
1 3 7 10 14 18 19 20 25 30 35 37 40 41 43 47 48 
13
1000000000001
1 2 7 11 15 20 24 27 28 32 33 34 36 
19
1000000000000000001
1 2 6 9 13 17 20 25 27 32 33 38 40 41 44 47 52 53 56 
13
1000000000001
1 3 8 12 15 20 22 23 24 26 27 30 34 
6
100001
1 4 9 11 14 15 
5
10001
1 5 6 9 10 
19
1000000000000000001
1 2 7 10 11 14 19 23 26 30 35 39 40 45 48 50 54 58 62 
16
1000000000000001
1 3 8 13 16 17 19 22 27 31 33 37 38 39 41 46 
18
100000000000000001
1 3 8 11 16 18 22 27 29 34 38 42 43 45 49 50 53 56 
10
1000000001
1 5 10 13 17 19 24 25 27 31 
16
1000000000000001
1 4 7 8 11 12 15 17 20 23 27 29 31 36 38 40 
12
100000000001
1 3 8 13 16 19 24 29 32 34 36 38 
18
100000000000000001
1 2 6 9 10 14 17 21 22 25 27 31 34 36 41 43 46 48 
10
1000000001
1 2 6 10 13 16 18 20 21 22 
18
100000000000000001
1 2 3 5 7 9 14 16 19 22 23 28 33 34 38 42 44 47 
7
1000001
1 5 7 9 11 12 16 
7
1000001
1 3 8 12 16 17 20 
9
100000001
1 6 11 12 17 22 27 32 34 
17
10000000000000001
1 3 7 12 16 18 23 25 27 30 34 39 44 47 51 52 53 
14
10000000000001
1 2 7 8 13 14 16 17 21 26 29 33 35 36 
15
100000000000001
1 3 6 9 11 14 17 19 21 23 27 30 31 35 38 
14
10000000000001
1 6 10 11 12 13 14 15 18 22 23 27 31 32 
19
1000000000000000001
1 6 7 9 11 12 15 17 19 21 23 24 28 30 33 35 36 39 40 
9
100000001
1 5 6 8 11 16 20 21 23 
16
1000000000000001
1 3 7 12 15 16 21 22 23 25 27 29 30 35 38 43 
6
100001
1 5 7 12 17 22 
13
1000000000001
1 6 9 10 12 17 19 21 26 29 31 32 35 
10
1000000001
1 4 7 10 15 19 20 21 22 25 
20
10000000000000000001
1 6 7 12 14 18 19 23 25 29 33 38 39 42 45 48 49 50 51 54 
19
1000000000000000001
1 6 7 10 15 20 21 24 29 32 36 39 43 48 52 57 58 61 66 
15
100000000000001
1 3 4 6 11 16 21 22 25 30 35 39 41 42 46 
7
1000001
1 4 6 8 13 14 17 
11
10000000001
1 5 9 11 16 19 23 27 31 36 41 
13
1000000000001
1 6 11 15 20 22 24 28 31 32 35 39 44 
15
100000000000001
1 4 5 6 10 15 16 18 20 21 22 26 29 30 34 
7
1000001
1 2 4 8 13 14 18 
16
1000000000000001
1 6 10 13 14 16 21 26 30 33 37 39 41 46 47 50 
14
10000000000001
1 4 7 10 12 13 18 23 24 25 28 33 35 39 
7
1000001
1 5 10 15 20 25 30 
16
1000000000000001
1 6 9 10 15 18 22 24 28 32 33 34 38 40 43 48 
18
100000000000000001
1 5 6 11 12 13 16 21 23 28 33 37 39 42 46 51 53 55 
11
10000000001
1 2 4 8 12 16 21 22 27 32 34 
20
10000000000000000001
1 4 6 9 11 16 17 19 21 23 26 28 29 33 35 38 43 46 48 52 
8
10000001
1 6 9 12 15 16 20 24 
15
100000000000001
1 3 6 8 9 14 16 20 25 26 29 31 33 37 38 
13
1000000000001
1 3 7 11 13 16 19 24 26 30 35 39 40 
10
1000000001
1 4 5 7 12 14 16 20 22 23 
16
1000000000000001
1 6 8 12 17 22 24 28 33 36 39 43 46 50 55 56 
18
100000000000000001
1 4 8 9 12 17 22 26 28 31 34 36 39 40 44 45 50 53 
19
1000000000000000001
1 5 9 11 16 17 21 23 25 28 33 35 40 44 46 51 55 57 62 
12
100000000001
1 3 7 9 11 14 15 16 19 24 25 30 
14
10000000000001
1 6 10 12 14 16 20 23 26 27 31 34 39 41 
17
10000000000000001
1 3 4 8 9 11 15 19 20 24 27 30 32 35 38 40 43 
11
10000000001
1 6 8 10 12 17 20 25 30 34 35 
10
1000000001
1 3 4 8 13 17 21 24 26 30 
8
10000001
1 2 7 10 11 13 14 19 
12
100000000001
1 4 6 8 13 15 16 19 24 26 29 30 
7
1000001
1 5 10 14 16 20 23 
7
1000001
1 4 8 11 12 13 14 
19
1000000000000000001
1 3 5 10 13 15 20 25 29 31 35 40 41 46 51 53 56 61 62 
17
10000000000000001
1 2 7 8 11 16 20 22 23 28 33 34 38 43 47 52 57 
20
10000000000000000001
1 5 8 11 16 19 20 22 23 26 29 34 36 38 39 40 44 45 50 52 
10
1000000001
1 6 7 11 12 15 19 24 25 30 
14
10000000000001
1 2 7 11 12 16 18 21 25 29 34 39 40 41 
7
1000001
1 5 6 7 10 14 19 
16
1000000000000001
1 2 7 11 13 15 20 23 24 25 27 31 33 38 41 44 
12
100000000001
1 5 9 13 15 20 22 25 28 31 34 35 
14
10000000000001
1 6 7 9 11 16 19 22 24 26 27 30 32 33 
10
1000000001
1 5 9 14 18 19 24 28 33 38 
10
1000000001
1 5 10 14 19 23 26 27 28 30 
16
1000000000000001
1 6 10 15 19 22 26 30 32 33 34 38 43 48 53 56 
18
100000000000000001
1 4 6 7 9 14 17 21 24 27 31 33 37 39 41 42 45 47 
14
10000000000001
1 4 7 10 12 17 20 24 28 32 34 36 37 38 
6
100001
1 2 3 5 7 12 
13
1000000000001
1 2 5 6 8 9 13 14 19 21 22 26 28 
17
10000000000000001
1 3 7 12 16 20 25 27 28 29 31 33 36 39 43 45 48 
10
1000000001
1 4 6 11 16 18 20 23 24 27 
19
1000000000000000001
1 3 8 11 15 20 24 26 28 32 35 36 38 43 45 46 49 51 53 
19
1000000000000000001
1 5 10 11 15 20 22 23 26 27 32 36 38 41 44 49 54 55 59 
10
1000000001
1 2 7 12 17 21 23 28 31 34 
14
10000000000001
1 4 7 10 11 13 15 19 24 27 30 31 35 37 
12
100000000001
1 5 7 12 14 15 20 23 27 30 31 34 
9
100000001
1 5 9 11 16 21 23 25 28 
14
10000000000001
1 2 3 4 8 11 13 17 22 27 32 34 35 39 
19
1000000000000000001
1 3 7 12 13 15 16 19 20 23 26 30 33 36 37 41 44 46 47 
10
1000000001
1 2 5 8 9 10 11 13 17 21 
19
1000000000000000001
1 4 9 12 17 21 24 27 29 31 35 37 42 47 49 51 54 58 60 
19
1000000000000000001
1 5 10 14 17 19 21 25 27 32 33 37 39 44 46 48 51 52 55 
12
100000000001
1 2 6 8 13 16 18 20 22 24 26 30 
10
1000000001
1 4 9 14 16 18 21 26 27 30 
15
100000000000001
1 3 4 5 6 8 9 12 15 20 24 26 31 34 38 
20
10000000000000000001
1 2 3 8 13 16 20 22 25 28 31 33 36 38 39 44 48 52 53 58 
15
100000000000001
1 5 6 7 11 16 18 19 21 26 28 31 34 39 43 
10
1000000001
1 3 6 10 13 15 17 20 24 26 
10
1000000001
1 2 7 9 11 13 17 22 26 27 
