100
10
0001000000
100000000 100037118 100052494 100094774 100109836 100138132 100184839 100230969 100248623 100294036 
16
0000000000000100
100000000 100014289 100039590 100042818 100059704 100085786 100096337 100114211 100125948 100134580 100158280 100196372 100212386 100217959 100239444 100258855 
13
0000100000000
100000000 100043325 100070103 100101937 100145753 100156825 100190765 100211582 100222641 100268219 100285297 100333313 100340013 
13
0000000000100
100000000 100044909 100056489 100103555 100141082 100171688 100203077 100214400 100231502 100240913 100246980 100252122 100293449 
11
00100000000
100000000 100030770 100037328 100040189 100042799 100064899 100075990 100107231 100110027 100154575 100194056 
19
0010000000000000000
100000000 100022530 100070078 100080427 100095904 100125313 100135133 100138257 100148789 100167155 100209932 100252350 100273817 100277760 100313333 100344808 100383741 100408071 100430906 
14
00000000000010
100000000 100042583 100048419 100054007 100062837 100099869 100112852 100154746 100164154 100166983 100209119 100217350 100265353 100294799 
7
1000000
100000000 100044197 100050227 100071165 100118967 100123631 100156525 
10
0000100000
100000000 100038029 100080225 100117043 100133283 100157765 100189052 100190232 100194279 100210818 
6
000010
100000000 100030705 100046924 100067973 100107726 100124481 
20
00001000000000000000
100000000 100009118 100022215 100051483 100067536 100078866 100092141 100118376 100124451 100128912 100140441 100159048 100197046 100244116 100248666 100275120 100317449 100361673 100399618 100444029 
18
000000000000100000
100000000 100019617 100048180 100057206 100102448 100144353 100156963 100164694 100196770 100225077 100250499 100288016 100337866 100381241 100390546 100413939 100422020 100441931 
12
000000001000
100000000 100005434 100035212 100056899 100078652 100122043 100169247 100214355 100234940 100243373 100255434 100263289 
19
0000000010000000000
100000000 100025686 100064243 100110748 100145732 100190321 100217281 100227158 100270151 100280053 100308413 100330637 100359740 100361262 100390964 100432759 100435327 100466861 100467918 
12
000100000000
100000000 100030640 100051979 100057293 100091195 100104823 100126226 100144428 100194230 100217252 100263571 100289658 
9
000000100
100000000 100021351 100032913 100042234 100068322 100075059 100100535 100115008 100123171 
20
01000000000000000000
100000000 100028394 100029624 100046644 100095111 100128057 100152992 100183454 100231909 100257802 100297797 100305278 100326720 100335641 100371164 100389403 100409653 100424004 100455947 100489958 
18
100000000000000000
100000000 100049875 100092845 100114084 100118108 100145459 100158897 100204370 100212857 100236643 100247998 100269644 100301973 100333784 100339610 100372436 100413347 100429471 
11
00001000000
100000000 100004997 100040131 100076244 100108471 100112935 100154460 100165462 100210439 100243750 100263833 
20
00000000000000001000
100000000 100004465 100024201 100068085 100116423 100118790 100120778 100148791 100150578 100155384 100177450 100199261 100235512 100257258 100265461 100306259 100311591 100333690 100359234 100390540 
8
00000010
100000000 100045171 100065699 100096192 100124431 100131384 100177907 100196932 
18
000000000000010000
100000000 100036020 100056790 100090097 100103630 100110477 100144036 100145479 100193100 100200554 100247730 100268061 100280066 100307135 100350863 100364795 100382711 100429848 
6
100000
100000000 100035346 100075148 100092359 100128290 100160641 
6
000001
100000000 100040218 100063024 100074143 100095130 100104868 
5
00010
100000000 100041041 100073910 100119323 100134354 
15
000000000000001
100000000 100029537 100067688 100116202 100145900 100159100 100170887 100195833 100230004 100265267 100304401 100305618 100343375 100381677 100403442 
20
00000000000000000010
100000000 100014104 100042618 100089934 100094922 100105781 100140629 100154923 100165281 100201797 100240191 100263698 100289559 100329729 100362974 100370193 100404466 100434806 100452798 100494641 
13
0000010000000
100000000 100022938 100038249 100046600 100089394 100112748 100113922 100122932 100133807 100137171 100179809 100225165 100265756 
7
1000000
100000000 100045525 100077146 100094717 100118821 100142035 100178372 
10
0000000100
100000000 100042396 100062302 100084044 100093454 100124319 100163344 100188089 100196075 100200689 
10
0000001000
100000000 100045207 100059300 100107698 100154232 100204169 100210777 100245046 100267205 100309826 
18
000010000000000000
100000000 100029960 100059340 100083117 100096065 100116332 100137346 100138645 100183166 100188630 100222482 100251547 100262174 100305673 100342784 100358235 100380820 100418969 
16
0010000000000000
100000000 100001518 100043986 100085823 100102430 100142315 100160961 100169798 100212790 100240028 100250529 100269810 100290633 100296650 100308003 100324132 
20
00000000000000100000
100000000 100004571 100052941 100083304 100131681 100152348 100181093 100207221 100242505 100288294 100291946 100304560 100330787 100366402 100411039 100436774 100458268 100473852 100507954 100529195 
19
0000000000001000000
100000000 100009706 100016308 100040533 100045099 100083606 100085541 100096376 100108162 100122470 100165473 100188948 100197883 100240291 100272296 100289105 100295257 100332097 100365410 
7
1000000
100000000 100040911 100054433 100093636 100114800 100161361 100171464 
7
0100000
100000000 100041930 100078121 100116422 100128322 100143245 100167649 
12
000000100000
100000000 100049758 100061268 100098049 100140051 100153394 100170987 100193930 100231216 100253221 100292610 100321638 
13
0010000000000
100000000 100013358 100047157 100056434 100079285 100122621 100124965 100147703 100155552 100198699 100246463 100253368 100261334 
6
000001
100000000 100040526 100058969 100105596 100111421 100149347 
10
0100000000
100000000 100024530 100028004 100041512 100051822 100084222 100087434 100103882 100134229 100151565 
8
00000010
100000000 100042918 100065046 100070573 100084083 100121102 100168882 100197213 
12
000000000010
100000000 100008075 100028911 100037856 100053720 100091720 100094195 100137588 100170348 100184748 100232755 100267371 
16
0000100000000000
100000000 100004221 100040321 100063232 100077057 100099875 100138394 100170829 100174482 100176289 100189323 100227494 100252391 100285404 100293603 100341635 
11
00000010000
100000000 100043654 100089181 100138662 100176521 100190930 100199682 100213720 100229090 100237630 100282819 
11
10000000000
100000000 100040977 100074779 100118794 100155129 100190142 100223600 100240390 100279222 100293610 100318812 
18
010000000000000000
100000000 100024325 100070574 100074979 100113869 100145726 100191191 100226525 100236858 100265455 100294434 100309258 100336742 100363542 100399769 100410294 100439017 100445367 
15
000000010000000
100000000 100010895 100055926 100067108 100079387 100118671 100156385 100166981 100212045 100215532 100261382 100280782 100303191 100332648 100375666 
11
00010000000
100000000 100006726 100041040 100075930 100092504 100111874 100156535 100200079 100207615 100245134 100292459 
18
000000001000000000
100000000 100034923 100081226 100106503 100138377 100146023 100177159 100193141 100221897 100239203 100273858 100309766 100354249 100364734 100375350 100415683 100446314 100463815 
19
0000100000000000000
100000000 100038845 100068001 100102666 100134574 100153248 100167250 100214349 100227910 100246703 100268323 100274518 100298734 100300233 100332639 100355151 100397681 100426692 100437795 
20
00000000000000000001
100000000 100025977 100042825 100081553 100107175 100115333 100133765 100150747 100165229 100178318 100200571 100238318 100266626 100296570 100326799 100374766 100417052 100423075 100438372 100481393 
8
00000100
100000000 100012269 100018824 100036494 100039238 100079500 100092243 100107599 
18
000010000000000000
100000000 100009640 100017255 100066088 100089768 100110752 100124737 100145547 100190246 100213669 100234900 100281965 100312963 100333473 100336311 100375935 100409305 100437734 
20
00000000000001000000
100000000 100021805 100025194 100061869 100108678 100137825 100154651 100199079 100236122 100254288 100299775 100328951 100349438 100381073 100407884 100454629 100459666 100463960 100465505 100473994 
7
0000001
100000000 100021790 100056928 100082756 100104853 100112746 100146396 
14
00000010000000
100000000 100039040 100041413 100052299 100061393 100103492 100111938 100134123 100168930 100195553 100200284 100227628 100243172 100254748 
7
0010000
100000000 100034429 100083543 100112541 100151751 100171826 100185964 
18
001000000000000000
100000000 100042122 100046097 100082830 100116176 100164534 100213143 100231941 100247198 100251370 100252787 100262997 100284321 100319266 100351108 100393137 100431571 100480326 
19
0000000000001000000
100000000 100026157 100053468 100064694 100104724 100133134 100179455 100220511 100228873 100259068 100271073 100277383 100313302 100330214 100348844 100388949 100436423 100449902 100492543 
14
00000000100000
100000000 100037165 100052972 100054226 100095883 100098941 100148600 100189650 100235010 100269733 100316420 100320140 100326597 100347617 
9
100000000
100000000 100042088 100064632 100066898 100115513 100139564 100158725 100172589 100218623 
13
0001000000000
100000000 100014219 100044506 100082923 100103784 100109495 100125285 100171332 100185374 100194254 100203205 100214162 100245536 
9
000010000
100000000 100025939 100059789 100065806 100106341 100141431 100184134 100222122 100270036 
18
000000010000000000
100000000 100043713 100085736 100099839 100123236 100153745 100196244 100219999 100245629 100270266 100299712 100312244 100324222 100369159 100414100 100450178 100490974 100526500 
7
0000001
100000000 100002312 100046148 100066446 100075151 100117566 100146478 
19
0010000000000000000
100000000 100024172 100063269 100107306 100153080 100161893 100203788 100229016 100276848 100279708 100322376 100343228 100390460 100409511 100411157 100420229 100440789 100448250 100494928 
15
100000000000000
100000000 100047375 100064284 100077959 100117514 100119952 100155972 100183797 100210554 100240701 100266673 100270455 100318515 100336507 100355629 
6
000001
100000000 100044742 100074428 100098807 100104388 100118270 
18
000000000000001000
100000000 100001398 100021398 100047574 100061116 100082073 100119839 100136897 100144544 100172586 100189066 100210566 100220671 100259539 100270085 100286443 100296754 100329741 
9
100000000
100000000 100047649 100075633 100081842 100119839 100168674 100187384 100236979 100248682 
9
010000000
100000000 100042842 100071619 100083563 100130289 100148766 100149963 100182297 100226633 
18
001000000000000000
100000000 100006551 100045545 100091573 100107642 100135469 100141364 100182707 100211616 100217514 100241285 100264238 100310669 100327017 100352887 100375983 100390265 100429846 
17
00010000000000000
100000000 100020398 100044923 100067412 100108453 100149260 100178681 100200433 100239561 100250646 100291463 100321391 100330232 100333008 100369037 100403151 100423723 
9
000010000
100000000 100004441 100051728 100101222 100148685 100171525 100220279 100222052 100260310 
10
0000001000
100000000 100003881 100041413 100058367 100069644 100096440 100144770 100184021 100227781 100251135 
15
010000000000000
100000000 100037448 100045671 100094857 100138603 100152807 100159066 100190794 100233567 100270694 100297042 100324466 100359513 100370280 100416877 
8
00010000
100000000 100005271 100012410 100028168 100038848 100067881 100104269 100135601 
15
000000100000000
100000000 100026779 100056786 100063819 100075194 100082196 100085282 100131609 100163426 100180491 100198743 100200825 100204663 100223810 100267858 
13
0000010000000
100000000 100017844 100032239 100052592 100089945 100116123 100145133 100165537 100208744 100252666 100281619 100288074 100290480 
20
00000000000001000000
100000000 100012937 100036830 100039126 100050140 100054079 100079158 100082091 100100528 100123303 100149695 100154240 100186527 100203359 100207504 100214892 100261538 100274761 100311053 100351873 
12
000010000000
100000000 100007292 100048771 100059661 100084723 100124806 100153498 100191050 100205845 100232017 100253053 100289242 
8
00010000
100000000 100048727 100058307 100079944 100127702 100157846 100197210 100211676 
5
00001
100000000 100031163 100070885 100119904 100126944 
15
000000000000001
100000000 100035171 100046909 100067733 100107463 100125717 100161845 100181679 100185473 100229980 100267315 100292706 100311581 100347452 100354636 
10
0000100000
100000000 100044363 100093537 100137136 100167742 100192795 100229909 100254700 100261091 100267947 
13
0000001000000
100000000 100037113 100072529 100084795 100099454 100111121 100112220 100115228 100153689 100199041 100213066 100225809 100259972 
10
0000001000
100000000 100005161 100041091 100082975 100100123 100111574 100118604 100156232 100192029 100193580 
20
00000001000000000000
100000000 100037148 100055991 100063236 100079541 100119285 100162121 100168536 100177494 100205926 100253426 100269045 100295543 100334466 100361870 100404239 100429596 100444866 100450636 100452204 
19
0000100000000000000
100000000 100007852 100028336 100041356 100044735 100076814 100112299 100120959 100143266 100192324 100228248 100237877 100270264 100282522 100306879 100319918 100332313 100382311 100396480 
17
10000000000000000
100000000 100002695 100034293 100075940 100108939 100135184 100158558 100187842 100237379 100270114 100292886 100295103 100310302 100355285 100368799 100378888 100386888 
16
0000100000000000
100000000 100033551 100081673 100112428 100145243 100165693 100195183 100236839 100286112 100310664 100352218 100382965 100406075 100417368 100448415 100477056 
15
000000000010000
100000000 100016153 100046379 100085027 100098944 100148009 100166447 100192937 100213678 100233201 100237013 100251347 100262714 100277455 100289368 
15
000000000010000
100000000 100043224 100088346 100092912 100102637 100126133 100160095 100171749 100194412 100210702 100221108 100222362 100227405 100263371 100297416 
7
0010000
100000000 100048764 100080248 100094602 100130508 100169027 100170791 
9
001000000
100000000 100004769 100043835 100064949 100098033 100123901 100159067 100206571 100224997 
9
000010000
100000000 100038689 100069939 100106224 100120695 100161473 100193332 100239098 100252783 
9
001000000
100000000 100007981 100011751 100054330 100069420 100114177 100149130 100165441 100204518 
16
0000000100000000
100000000 100019587 100054417 100095147 100113514 100159581 100164019 100170809 100204250 100205538 100251360 100267798 100270588 100274475 100316700 100362402 
15
000000100000000
100000000 100013058 100028049 100046162 100082586 100122181 100124880 100163752 100165761 100187432 100198058 100233232 100276407 100297429 100309989 
