100
16
0000000010000000
1 5 8 15 23 31 36 45 48 58 59 65 73 81 83 89 
19
0000000001000000000
1 5 6 7 14 17 23 32 41 46 52 57 58 67 72 75 77 86 88 
16
0000000010000000
1 11 12 18 19 27 28 33 36 38 40 46 52 57 60 63 
15
000000010000000
1 10 18 22 27 37 40 46 48 52 54 62 63 70 72 
19
0000000001000000000
1 5 11 20 22 28 34 41 49 50 53 60 65 72 79 88 96 103 105 
16
0000000010000000
1 9 11 13 19 29 35 45 51 54 64 71 81 87 95 105 
19
0000000001000000000
1 4 12 19 26 28 33 41 43 50 51 54 62 68 74 76 79 88 97 
18
000000000100000000
1 4 13 23 24 34 44 48 57 60 70 79 82 91 98 108 115 121 
20
00000000001000000000
1 7 17 27 35 45 50 51 55 60 63 68 72 77 79 82 86 95 97 99 
13
0000001000000
1 11 13 23 27 33 41 42 51 60 70 79 86 
16
0000000010000000
1 6 13 21 23 33 43 52 57 60 63 67 70 71 72 78 
18
000000000100000000
1 6 13 16 26 29 33 42 45 47 54 64 69 74 75 76 80 86 
16
0000000010000000
1 5 12 19 22 24 25 26 31 32 40 50 54 55 62 66 
12
000000100000
1 6 8 9 16 23 28 29 35 36 39 49 
19
0000000001000000000
1 3 5 14 16 19 28 34 36 45 55 61 68 75 76 82 91 93 101 
5
00100
1 3 4 10 17 
16
0000000010000000
1 11 19 26 27 31 40 44 45 54 62 68 69 72 74 84 
8
00001000
1 8 13 19 24 33 39 48 
10
0000010000
1 3 11 12 16 18 26 29 39 43 
11
00000100000
1 6 9 13 23 24 26 29 31 41 42 
14
00000001000000
1 11 19 25 33 40 45 51 55 62 71 80 87 91 
17
00000000100000000
1 8 16 25 27 35 38 47 55 64 69 78 88 91 93 100 101 
7
0001000
1 2 7 15 16 24 32 
14
00000001000000
1 11 19 25 32 33 38 39 45 54 62 70 72 78 
19
0000000001000000000
1 10 12 18 26 35 44 45 54 61 65 71 75 82 92 100 102 110 112 
8
00001000
1 2 9 16 17 27 35 41 
14
00000001000000
1 5 6 11 12 19 26 31 36 43 52 60 62 66 
9
000010000
1 9 14 18 27 36 37 42 45 
13
0000001000000
1 8 16 22 26 31 32 41 43 48 58 66 74 
15
000000010000000
1 5 15 22 31 38 45 48 54 59 62 69 70 75 80 
20
00000000001000000000
1 6 8 11 20 29 37 47 48 57 62 67 76 85 87 92 99 101 104 114 
18
000000000100000000
1 10 16 22 26 33 43 49 54 61 64 74 75 85 95 101 102 103 
18
000000000100000000
1 3 7 10 16 20 25 26 29 39 42 51 60 66 67 74 81 85 
15
000000010000000
1 6 12 13 18 24 25 28 32 36 46 56 62 72 76 
14
00000001000000
1 11 12 13 16 21 30 31 32 38 43 44 47 53 
13
0000001000000
1 7 17 23 28 32 42 43 49 50 59 66 67 
14
00000001000000
1 6 16 26 28 30 31 33 34 39 41 45 54 56 
11
00000100000
1 6 16 18 24 33 39 44 50 58 63 
8
00001000
1 7 16 24 25 34 44 53 
9
000010000
1 4 14 23 30 31 41 51 57 
10
0000010000
1 8 14 20 28 37 47 52 62 72 
11
00000100000
1 5 15 18 25 29 30 40 49 51 57 
6
000100
1 9 14 18 25 27 
19
0000000001000000000
1 8 14 20 26 33 41 50 52 61 66 72 79 82 88 89 93 94 103 
20
00000000001000000000
1 8 15 17 18 28 31 33 43 44 51 56 61 63 65 75 76 80 85 95 
14
00000001000000
1 5 14 22 24 33 41 45 49 59 66 67 76 77 
7
0001000
1 8 18 27 35 39 49 
6
000100
1 2 6 9 19 27 
10
0000010000
1 11 18 20 22 24 30 36 44 54 
11
00000100000
1 4 8 18 21 28 29 33 34 42 49 
20
00000000001000000000
1 2 7 14 21 25 29 34 35 39 49 54 61 71 80 82 92 94 100 108 
11
00000100000
1 4 6 14 19 24 27 29 32 40 48 
9
000010000
1 11 21 28 34 35 41 45 53 
15
000000010000000
1 4 5 13 22 27 37 47 57 60 66 75 76 85 89 
20
00000000001000000000
1 7 17 19 22 28 29 39 40 42 45 47 55 59 69 75 82 91 99 106 
11
00000100000
1 10 16 26 29 35 37 39 45 47 48 
11
00000100000
1 9 15 18 21 24 32 35 42 43 48 
8
00001000
1 2 5 10 16 19 26 29 
19
0000000001000000000
1 9 17 24 32 37 39 41 45 50 58 66 69 72 77 79 81 83 89 
11
00000100000
1 8 18 23 26 34 41 42 48 53 61 
10
0000010000
1 7 13 16 25 31 32 39 46 54 
17
00000000100000000
1 6 16 17 26 30 38 47 57 62 66 70 76 83 89 94 104 
11
00000100000
1 4 10 19 25 31 32 33 39 44 45 
12
000000100000
1 10 12 19 26 35 37 42 50 57 62 68 
15
000000010000000
1 3 4 13 20 30 31 35 36 45 53 55 64 66 72 
18
000000000100000000
1 5 6 12 13 19 27 30 40 47 56 60 63 65 75 82 91 96 
12
000000100000
1 4 10 17 18 19 27 29 32 42 45 47 
9
000010000
1 10 14 20 21 30 36 44 51 
20
00000000001000000000
1 3 8 9 14 15 18 27 33 36 38 46 48 55 56 62 65 74 77 79 
5
00100
1 7 12 19 24 
16
0000000010000000
1 2 8 12 20 26 29 31 41 46 52 55 65 73 76 77 
12
000000100000
1 6 13 14 20 22 30 36 41 46 53 54 
14
00000001000000
1 7 12 18 19 27 37 41 49 58 66 70 75 76 
15
000000010000000
1 10 14 19 29 33 37 46 51 59 61 65 69 70 75 
12
000000100000
1 2 3 13 17 27 28 30 34 41 48 53 
16
0000000010000000
1 6 9 18 27 30 31 37 46 47 52 54 64 67 77 80 
7
0001000
1 4 11 18 26 33 41 
14
00000001000000
1 2 4 12 19 29 31 38 45 48 53 56 58 68 
5
00100
1 11 12 15 22 
10
0000010000
1 9 18 26 36 42 51 60 62 67 
9
000010000
1 3 13 23 28 35 36 38 45 
8
00001000
1 5 11 13 16 22 26 33 
8
00001000
1 8 18 27 31 38 46 51 
9
000010000
1 3 9 15 18 23 32 42 51 
10
0000010000
1 6 13 22 25 26 33 41 42 50 
5
00100
1 6 8 14 21 
15
000000010000000
1 6 14 22 29 37 41 42 47 52 55 59 63 65 67 
5
00100
1 5 11 20 24 
18
000000000100000000
1 9 12 16 21 22 31 41 51 56 65 73 83 86 91 99 102 104 
8
00001000
1 2 6 11 13 19 21 24 
12
000000100000
1 7 15 19 29 36 42 50 57 65 75 84 
5
00100
1 8 16 23 29 
17
00000000100000000
1 3 6 16 17 24 33 38 44 48 53 54 60 61 62 64 65 
10
0000010000
1 5 8 12 16 23 27 36 42 45 
11
00000100000
1 7 11 16 17 24 28 33 39 43 47 
13
0000001000000
1 7 9 14 23 26 29 39 47 52 58 59 68 
8
00001000
1 5 12 17 26 34 35 39 
9
000010000
1 11 20 26 30 32 36 38 46 
14
00000001000000
1 4 5 6 7 16 23 26 27 30 35 45 49 53 
6
000100
1 3 8 11 21 22 
