100
7
1000100
1 7 11 17 22 24 28 
13
0000000010010
1 5 10 15 21 28 36 37 46 47 57 66 76 
7
0011000
1 4 14 17 25 27 28 
17
01000000100000000
1 7 13 19 27 29 32 38 40 41 44 50 56 66 72 77 83 
13
0000011000000
1 5 6 11 16 17 24 27 33 39 49 57 65 
14
00001000001000
1 4 8 17 27 34 42 49 57 66 71 80 86 87 
15
000000000001100
1 11 18 24 33 39 43 50 60 64 68 75 83 85 91 
8
00011000
1 2 6 13 19 21 28 33 
15
000000100000001
1 10 20 30 40 46 53 54 61 71 74 76 79 87 93 
15
001000000000100
1 6 7 12 22 24 26 29 37 44 49 54 56 64 71 
15
000000000010100
1 4 7 16 20 30 32 41 49 56 63 66 70 75 80 
15
001000000010000
1 5 11 15 23 29 38 41 49 55 56 66 71 74 80 
6
000011
1 7 8 17 24 33 
13
0000100000100
1 3 11 21 27 33 38 42 50 58 59 63 64 
7
0001001
1 4 13 23 29 38 43 
18
000100000000000100
1 4 11 18 26 32 34 40 45 50 59 62 63 67 75 77 87 93 
7
0001100
1 11 20 27 37 46 50 
20
10000001000000000000
1 8 11 17 22 31 36 41 51 58 59 69 78 83 86 96 102 111 118 126 
17
00001000100000000
1 10 15 16 18 25 33 34 36 37 43 45 46 52 62 71 80 
15
100000000001000
1 11 21 28 30 34 41 47 50 60 63 67 74 83 85 
14
00000010000010
1 6 15 24 33 38 40 50 60 63 68 71 72 79 
11
00010000010
1 8 9 16 23 29 38 48 50 51 52 
6
100010
1 10 15 16 18 28 
15
100000000010000
1 4 5 12 21 30 39 40 48 49 55 62 68 70 76 
18
000000001000001000
1 8 18 24 26 34 41 42 44 54 57 66 76 79 83 90 94 96 
7
0101000
1 3 4 13 22 26 30 
6
100100
1 3 7 8 16 19 
18
000000001000010000
1 8 11 15 17 27 33 38 45 50 52 57 66 69 77 81 89 92 
15
000100000000100
1 3 9 18 24 29 33 41 43 53 62 65 73 78 83 
9
000110000
1 8 18 28 33 35 37 40 47 
20
10000000000000100000
1 5 15 19 20 24 31 38 44 50 60 69 72 76 79 85 87 92 97 105 
6
100001
1 8 15 17 20 30 
15
010000000100000
1 7 13 17 21 28 36 46 52 60 62 69 77 82 90 
7
1000100
1 2 10 18 24 31 34 
19
0000000100000001000
1 4 10 18 20 23 27 34 41 44 51 55 56 60 61 67 77 80 83 
7
0100001
1 8 12 22 31 35 41 
5
00100
1 11 20 30 35 
6
010001
1 8 9 19 22 30 
19
0010000000100000000
1 10 17 24 34 42 49 52 58 60 63 73 77 83 91 97 99 103 112 
6
010001
1 7 17 21 23 29 
12
000000000011
1 3 8 11 20 24 34 36 40 48 55 60 
12
010000000100
1 7 16 21 22 27 29 33 38 48 50 56 
8
00101000
1 8 17 26 32 38 39 46 
12
000100000001
1 7 9 15 22 23 30 31 40 43 45 46 
8
00001001
1 4 12 22 27 33 38 40 
11
00000000011
1 10 13 16 17 18 28 32 37 47 53 
16
0100000000100000
1 4 5 10 14 24 34 39 40 48 53 60 70 78 86 88 
5
01000
1 3 4 12 16 
5
00010
1 11 19 20 26 
14
10001000000000
1 5 10 19 23 27 33 34 35 43 45 46 50 57 
13
1000001000000
1 6 8 17 19 26 34 36 45 54 60 63 66 
5
10000
1 3 5 8 13 
11
00000100010
1 6 10 19 26 36 43 52 59 63 71 
10
0001000010
1 2 4 8 17 24 33 36 40 43 
11
00001000100
1 9 12 21 26 28 29 30 35 38 46 
18
000000000100100000
1 3 6 11 19 20 24 33 38 48 49 52 53 54 61 69 73 83 
5
00001
1 2 5 6 8 
5
00100
1 6 10 13 22 
17
00001000000001000
1 9 19 26 29 39 43 52 62 70 78 83 90 100 108 114 124 
11
00100010000
1 4 5 13 17 26 35 36 39 42 44 
6
010100
1 11 21 31 36 39 
12
000011000000
1 2 6 14 17 19 20 27 37 42 50 53 
12
100000000001
1 11 14 18 25 30 36 44 45 50 55 58 
19
0100000000000000010
1 8 15 17 21 28 31 39 40 44 53 63 67 68 74 83 86 95 103 
12
000001000100
1 5 8 17 21 27 34 35 41 44 47 52 
11
00000000101
1 4 7 13 22 26 34 36 37 40 44 
18
000000000001000100
1 11 15 25 29 33 43 50 52 57 65 68 71 74 81 86 95 100 
12
000100000010
1 8 9 18 25 33 40 49 56 63 70 73 
9
010001000
1 11 21 26 35 37 41 51 58 
15
000000100010000
1 5 14 20 25 28 30 32 39 46 51 55 58 62 63 
19
0000001000100000000
1 8 10 17 25 28 36 43 49 56 63 72 79 89 99 106 108 111 115 
16
0000000000000101
1 8 16 22 23 24 32 36 44 47 50 53 63 67 69 74 
17
10010000000000000
1 4 7 13 20 26 29 39 42 47 55 58 66 75 83 86 95 
14
00000010000001
1 7 15 16 22 24 33 37 43 45 54 63 66 72 
19
0000000100000000100
1 11 20 24 27 37 39 45 46 54 59 65 67 71 76 79 84 86 90 
5
00010
1 7 9 17 27 
14
00100000100000
1 6 14 20 22 32 38 48 50 60 62 71 74 75 
9
000010100
1 2 7 16 23 28 32 37 45 
19
1001000000000000000
1 4 5 12 15 16 24 26 36 43 48 52 54 60 67 74 77 81 83 
17
00000010000000001
1 6 9 13 14 22 28 35 41 47 56 61 62 70 76 83 85 
11
00010010000
1 7 13 20 24 25 30 40 44 47 53 
11
00000100001
1 7 13 18 22 29 38 42 46 47 52 
15
000000001010000
1 2 12 19 28 32 40 48 50 60 62 66 71 78 82 
15
110000000000000
1 3 5 10 16 23 33 34 38 48 58 68 75 81 82 
17
10000000000010000
1 9 14 16 18 23 32 33 34 38 43 52 56 63 73 79 89 
6
000110
1 8 11 16 25 33 
11
10001000000
1 11 19 26 32 35 41 47 55 62 65 
6
110000
1 6 9 10 20 26 
10
0000000011
1 7 14 15 23 32 38 44 47 53 
8
10000001
1 5 9 12 19 27 34 42 
12
000010000001
1 4 14 16 18 25 35 44 54 61 69 72 
6
000101
1 3 12 21 30 37 
10
0110000000
1 5 13 23 30 34 41 48 53 56 
20
00000101000000000000
1 2 4 6 11 16 21 29 31 41 44 45 50 60 69 79 89 96 97 106 
18
000000010001000000
1 6 11 12 14 21 22 31 38 48 58 67 74 78 82 87 88 90 
11
01000000100
1 8 18 25 29 32 35 40 47 55 60 
11
01000001000
1 6 8 15 16 20 30 40 46 50 59 
10
0000110000
1 11 19 26 36 38 44 50 57 60 
19
0000010000000100000
1 2 5 15 17 23 26 31 35 36 46 49 58 60 63 70 75 77 79 
11
01000000100
1 8 14 15 17 27 28 32 41 49 54 
