100
17
10010010010010010
1 2 3 4 5 6 7 8 9 10 11 12 13 14 15 16 17 
14
10010010010010
1 2 3 4 5 6 7 8 9 10 11 12 13 14 
12
100100100100
1 2 3 4 5 6 7 8 9 10 11 12 
16
1001001001001001
1 2 3 4 5 6 7 8 9 10 11 12 13 14 15 16 
13
1001001001001
1 2 3 4 5 6 7 8 9 10 11 12 13 
17
10010010010010010
1 2 3 4 5 6 7 8 9 10 11 12 13 14 15 16 17 
13
1001001001001
1 2 3 4 5 6 7 8 9 10 11 12 13 
10
1001001001
1 2 3 4 5 6 7 8 9 10 
16
1001001001001001
1 2 3 4 5 6 7 8 9 10 11 12 13 14 15 16 
20
10010010010010010010
1 2 3 4 5 6 7 8 9 10 11 12 13 14 15 16 17 18 19 20 
15
100100100100100
1 2 3 4 5 6 7 8 9 10 11 12 13 14 15 
11
10010010010
1 2 3 4 5 6 7 8 9 10 11 
12
100100100100
1 2 3 4 5 6 7 8 9 10 11 12 
13
1001001001001
1 2 3 4 5 6 7 8 9 10 11 12 13 
18
100100100100100100
1 2 3 4 5 6 7 8 9 10 11 12 13 14 15 16 17 18 
13
1001001001001
1 2 3 4 5 6 7 8 9 10 11 12 13 
19
1001001001001001001
1 2 3 4 5 6 7 8 9 10 11 12 13 14 15 16 17 18 19 
18
100100100100100100
1 2 3 4 5 6 7 8 9 10 11 12 13 14 15 16 17 18 
17
10010010010010010
1 2 3 4 5 6 7 8 9 10 11 12 13 14 15 16 17 
17
10010010010010010
1 2 3 4 5 6 7 8 9 10 11 12 13 14 15 16 17 
19
1001001001001001001
1 2 3 4 5 6 7 8 9 10 11 12 13 14 15 16 17 18 19 
17
10010010010010010
1 2 3 4 5 6 7 8 9 10 11 12 13 14 15 16 17 
18
100100100100100100
1 2 3 4 5 6 7 8 9 10 11 12 13 14 15 16 17 18 
19
1001001001001001001
1 2 3 4 5 6 7 8 9 10 11 12 13 14 15 16 17 18 19 
11
10010010010
1 2 3 4 5 6 7 8 9 10 11 
12
100100100100
1 2 3 4 5 6 7 8 9 10 11 12 
14
10010010010010
1 2 3 4 5 6 7 8 9 10 11 12 13 14 
19
1001001001001001001
1 2 3 4 5 6 7 8 9 10 11 12 13 14 15 16 17 18 19 
14
10010010010010
1 2 3 4 5 6 7 8 9 10 11 12 13 14 
16
1001001001001001
1 2 3 4 5 6 7 8 9 10 11 12 13 14 15 16 
18
100100100100100100
1 2 3 4 5 6 7 8 9 10 11 12 13 14 15 16 17 18 
19
1001001001001001001
1 2 3 4 5 6 7 8 9 10 11 12 13 14 15 16 17 18 19 
19
1001001001001001001
1 2 3 4 5 6 7 8 9 10 11 12 13 14 15 16 17 18 19 
17
10010010010010010
1 2 3 4 5 6 7 8 9 10 11 12 13 14 15 16 17 
20
10010010010010010010
1 2 3 4 5 6 7 8 9 10 11 12 13 14 15 16 17 18 19 20 
16
1001001001001001
1 2 3 4 5 6 7 8 9 10 11 12 13 14 15 16 
11
10010010010
1 2 3 4 5 6 7 8 9 10 11 
14
10010010010010
1 2 3 4 5 6 7 8 9 10 11 12 13 14 
15
100100100100100
1 2 3 4 5 6 7 8 9 10 11 12 13 14 15 
20
10010010010010010010
1 2 3 4 5 6 7 8 9 10 11 12 13 14 15 16 17 18 19 20 
19
1001001001001001001
1 2 3 4 5 6 7 8 9 10 11 12 13 14 15 16 17 18 19 
19
1001001001001001001
1 2 3 4 5 6 7 8 9 10 11 12 13 14 15 16 17 18 19 
13
1001001001001
1 2 3 4 5 6 7 8 9 10 11 12 13 
18
100100100100100100
1 2 3 4 5 6 7 8 9 10 11 12 13 14 15 16 17 18 
16
1001001001001001
1 2 3 4 5 6 7 8 9 10 11 12 13 14 15 16 
14
10010010010010
1 2 3 4 5 6 7 8 9 10 11 12 13 14 
14
10010010010010
1 2 3 4 5 6 7 8 9 10 11 12 13 14 
10
1001001001
1 2 3 4 5 6 7 8 9 10 
18
100100100100100100
1 2 3 4 5 6 7 8 9 10 11 12 13 14 15 16 17 18 
16
1001001001001001
1 2 3 4 5 6 7 8 9 10 11 12 13 14 15 16 
13
1001001001001
1 2 3 4 5 6 7 8 9 10 11 12 13 
15
100100100100100
1 2 3 4 5 6 7 8 9 10 11 12 13 14 15 
18
100100100100100100
1 2 3 4 5 6 7 8 9 10 11 12 13 14 15 16 17 18 
20
10010010010010010010
1 2 3 4 5 6 7 8 9 10 11 12 13 14 15 16 17 18 19 20 
17
10010010010010010
1 2 3 4 5 6 7 8 9 10 11 12 13 14 15 16 17 
16
1001001001001001
1 2 3 4 5 6 7 8 9 10 11 12 13 14 15 16 
14
10010010010010
1 2 3 4 5 6 7 8 9 10 11 12 13 14 
18
100100100100100100
1 2 3 4 5 6 7 8 9 10 11 12 13 14 15 16 17 18 
20
10010010010010010010
1 2 3 4 5 6 7 8 9 10 11 12 13 14 15 16 17 18 19 20 
13
1001001001001
1 2 3 4 5 6 7 8 9 10 11 12 13 
20
10010010010010010010
1 2 3 4 5 6 7 8 9 10 11 12 13 14 15 16 17 18 19 20 
12
100100100100
1 2 3 4 5 6 7 8 9 10 11 12 
20
10010010010010010010
1 2 3 4 5 6 7 8 9 10 11 12 13 14 15 16 17 18 19 20 
14
10010010010010
1 2 3 4 5 6 7 8 9 10 11 12 13 14 
10
1001001001
1 2 3 4 5 6 7 8 9 10 
18
100100100100100100
1 2 3 4 5 6 7 8 9 10 11 12 13 14 15 16 17 18 
17
10010010010010010
1 2 3 4 5 6 7 8 9 10 11 12 13 14 15 16 17 
19
1001001001001001001
1 2 3 4 5 6 7 8 9 10 11 12 13 14 15 16 17 18 19 
16
1001001001001001
1 2 3 4 5 6 7 8 9 10 11 12 13 14 15 16 
10
1001001001
1 2 3 4 5 6 7 8 9 10 
10
1001001001
1 2 3 4 5 6 7 8 9 10 
13
1001001001001
1 2 3 4 5 6 7 8 9 10 11 12 13 
17
10010010010010010
1 2 3 4 5 6 7 8 9 10 11 12 13 14 15 16 17 
19
1001001001001001001
1 2 3 4 5 6 7 8 9 10 11 12 13 14 15 16 17 18 19 
20
10010010010010010010
1 2 3 4 5 6 7 8 9 10 11 12 13 14 15 16 17 18 19 20 
19
1001001001001001001
1 2 3 4 5 6 7 8 9 10 11 12 13 14 15 16 17 18 19 
20
10010010010010010010
1 2 3 4 5 6 7 8 9 10 11 12 13 14 15 16 17 18 19 20 
16
1001001001001001
1 2 3 4 5 6 7 8 9 10 11 12 13 14 15 16 
14
10010010010010
1 2 3 4 5 6 7 8 9 10 11 12 13 14 
18
100100100100100100
1 2 3 4 5 6 7 8 9 10 11 12 13 14 15 16 17 18 
17
10010010010010010
1 2 3 4 5 6 7 8 9 10 11 12 13 14 15 16 17 
18
100100100100100100
1 2 3 4 5 6 7 8 9 10 11 12 13 14 15 16 17 18 
10
1001001001
1 2 3 4 5 6 7 8 9 10 
15
100100100100100
1 2 3 4 5 6 7 8 9 10 11 12 13 14 15 
13
1001001001001
1 2 3 4 5 6 7 8 9 10 11 12 13 
11
10010010010
1 2 3 4 5 6 7 8 9 10 11 
11
10010010010
1 2 3 4 5 6 7 8 9 10 11 
18
100100100100100100
1 2 3 4 5 6 7 8 9 10 11 12 13 14 15 16 17 18 
18
100100100100100100
1 2 3 4 5 6 7 8 9 10 11 12 13 14 15 16 17 18 
20
10010010010010010010
1 2 3 4 5 6 7 8 9 10 11 12 13 14 15 16 17 18 19 20 
11
10010010010
1 2 3 4 5 6 7 8 9 10 11 
11
10010010010
1 2 3 4 5 6 7 8 9 10 11 
14
10010010010010
1 2 3 4 5 6 7 8 9 10 11 12 13 14 
10
1001001001
1 2 3 4 5 6 7 8 9 10 
18
100100100100100100
1 2 3 4 5 6 7 8 9 10 11 12 13 14 15 16 17 18 
15
100100100100100
1 2 3 4 5 6 7 8 9 10 11 12 13 14 15 
16
1001001001001001
1 2 3 4 5 6 7 8 9 10 11 12 13 14 15 16 
18
100100100100100100
1 2 3 4 5 6 7 8 9 10 11 12 13 14 15 16 17 18 
15
100100100100100
1 2 3 4 5 6 7 8 9 10 11 12 13 14 15 
11
10010010010
1 2 3 4 5 6 7 8 9 10 11 
