100
9
111111111
1 4 9 14 18 21 22 27 30 
20
11111111111111111111
1 2 3 4 7 9 14 16 20 24 27 30 34 39 40 44 48 50 52 53 
12
111111111111
1 5 7 10 15 16 20 25 26 28 32 35 
12
111111111111
1 4 7 10 15 16 21 23 27 32 37 41 
5
11111
1 6 10 15 16 
5
11111
1 5 8 13 16 
8
11111111
1 2 5 9 11 16 18 19 
9
111111111
1 5 6 11 14 15 17 18 19 
10
1111111111
1 6 9 12 13 17 22 23 27 31 
10
1111111111
1 4 8 13 16 20 22 24 27 31 
9
111111111
1 6 9 10 15 18 20 21 24 
7
1111111
1 3 4 6 8 9 12 
6
111111
1 2 7 8 10 13 
8
11111111
1 2 5 7 12 16 20 24 
8
11111111
1 4 9 10 15 16 17 22 
18
111111111111111111
1 4 7 11 14 17 22 23 24 29 32 37 42 46 50 53 58 61 
5
11111
1 3 8 11 12 
6
111111
1 6 7 11 16 18 
12
111111111111
1 2 3 8 11 16 17 22 27 28 29 33 
13
1111111111111
1 4 8 11 15 20 23 27 28 32 37 39 41 
16
1111111111111111
1 5 6 9 10 12 16 19 20 24 26 28 32 37 39 43 
17
11111111111111111
1 4 5 8 11 16 19 23 25 28 32 35 37 39 40 45 47 
9
111111111
1 2 5 10 14 15 19 20 23 
15
111111111111111
1 2 3 8 13 17 20 23 25 30 34 37 41 42 45 
17
11111111111111111
1 6 10 15 20 25 30 32 36 38 43 44 46 47 50 53 55 
20
11111111111111111111
1 5 7 10 13 14 16 21 24 27 31 35 37 42 43 44 48 52 55 60 
12
111111111111
1 6 8 13 16 21 24 29 32 37 40 41 
7
1111111
1 2 4 9 13 14 15 
17
11111111111111111
1 2 3 6 10 13 17 19 23 27 29 34 36 39 41 45 50 
6
111111
1 4 5 9 10 15 
10
1111111111
1 4 8 10 14 17 21 24 26 30 
10
1111111111
1 6 8 9 12 13 18 19 24 26 
17
11111111111111111
1 5 7 8 12 14 19 24 28 32 35 36 40 42 43 46 50 
9
111111111
1 4 6 9 10 11 16 21 24 
19
1111111111111111111
1 5 8 13 17 19 22 25 27 28 32 33 35 36 37 40 43 48 49 
13
1111111111111
1 2 5 8 10 11 13 14 18 21 26 28 31 
11
11111111111
1 5 6 8 12 17 21 25 27 31 34 
7
1111111
1 6 9 11 16 20 22 
11
11111111111
1 2 3 5 7 8 13 16 17 22 24 
9
111111111
1 5 10 11 15 16 21 23 24 
15
111111111111111
1 5 8 9 13 14 19 24 25 27 28 29 32 34 39 
8
11111111
1 4 8 10 14 15 16 17 
11
11111111111
1 5 8 12 14 19 21 24 26 31 33 
14
11111111111111
1 6 9 12 16 17 19 21 24 29 33 35 39 41 
9
111111111
1 6 10 13 14 15 18 20 25 
14
11111111111111
1 4 5 7 10 13 16 20 21 22 26 28 33 36 
11
11111111111
1 5 6 9 10 14 18 21 25 28 32 
5
11111
1 2 4 5 6 
14
11111111111111
1 2 5 9 11 15 20 22 26 30 31 33 37 38 
6
111111
1 2 4 8 12 17 
13
1111111111111
1 2 5 9 14 17 20 25 27 29 32 36 39 
11
11111111111
1 4 8 13 18 20 25 29 33 35 39 
15
111111111111111
1 2 4 8 9 12 13 15 16 20 23 28 30 32 34 
19
1111111111111111111
1 5 10 11 16 19 22 23 26 28 32 34 36 41 45 50 53 54 59 
9
111111111
1 3 5 8 11 12 13 15 16 
16
1111111111111111
1 2 3 4 7 10 11 14 15 16 17 21 24 28 32 34 
10
1111111111
1 2 6 8 10 14 19 22 23 26 
13
1111111111111
1 3 4 6 11 12 17 19 21 25 26 31 36 
13
1111111111111
1 5 10 14 18 21 25 30 34 38 43 47 49 
6
111111
1 3 7 9 12 15 
16
1111111111111111
1 4 5 9 12 14 19 22 25 27 31 34 39 43 48 49 
7
1111111
1 5 10 12 16 21 26 
17
11111111111111111
1 4 7 8 12 16 17 18 21 25 27 32 34 37 42 45 49 
7
1111111
1 2 7 12 16 17 21 
16
1111111111111111
1 2 5 6 9 13 14 17 19 20 21 22 27 31 32 33 
17
11111111111111111
1 3 7 11 16 20 25 26 29 31 34 37 38 42 43 46 48 
9
111111111
1 5 6 10 13 17 20 23 26 
15
111111111111111
1 4 7 11 14 15 20 21 26 29 31 36 38 43 45 
19
1111111111111111111
1 3 5 10 13 18 22 27 30 34 38 40 43 45 48 53 57 61 63 
10
1111111111
1 5 10 15 20 22 23 24 27 28 
13
1111111111111
1 3 8 10 13 15 19 20 23 26 29 34 38 
13
1111111111111
1 5 10 11 15 20 23 26 31 35 37 41 43 
15
111111111111111
1 2 7 9 13 17 18 23 24 28 31 33 36 41 46 
8
11111111
1 5 7 9 12 17 20 25 
19
1111111111111111111
1 4 7 11 12 13 16 18 23 27 29 34 36 38 39 43 46 50 54 
15
111111111111111
1 6 9 13 16 21 23 28 30 34 36 40 45 49 50 
12
111111111111
1 6 8 13 18 22 26 31 34 39 41 44 
7
1111111
1 6 7 9 14 19 23 
5
11111
1 5 6 7 12 
19
1111111111111111111
1 3 7 11 14 16 21 22 23 27 31 34 38 39 44 49 53 58 61 
8
11111111
1 2 4 8 12 14 18 22 
14
11111111111111
1 2 4 5 8 11 16 21 24 27 32 36 41 44 
12
111111111111
1 5 7 12 13 17 18 22 26 31 33 35 
17
11111111111111111
1 3 8 12 14 19 22 24 26 30 33 35 38 40 44 45 50 
10
1111111111
1 2 4 9 11 12 15 17 19 21 
5
11111
1 2 6 10 13 
17
11111111111111111
1 5 9 12 16 20 21 24 25 26 30 32 33 37 41 43 48 
7
1111111
1 3 7 12 14 16 21 
5
11111
1 6 11 13 18 
17
11111111111111111
1 3 5 10 12 16 17 19 22 27 28 30 32 34 36 38 42 
19
1111111111111111111
1 3 8 13 17 20 21 25 28 33 34 39 44 48 51 55 56 57 58 
20
11111111111111111111
1 4 9 14 15 19 21 26 31 32 35 37 40 43 44 48 53 56 57 62 
7
1111111
1 5 10 13 18 21 22 
13
1111111111111
1 5 10 11 15 19 23 28 32 34 36 40 43 
14
11111111111111
1 3 4 6 11 14 15 18 21 23 26 28 31 35 
7
1111111
1 4 5 10 14 16 18 
9
111111111
1 4 6 11 14 17 20 25 28 
6
111111
1 4 5 9 13 17 
11
11111111111
1 4 6 11 14 16 20 24 25 28 29 
19
1111111111111111111
1 5 9 11 16 17 18 23 26 27 28 33 36 39 43 44 45 46 51 
