100
12
101101101101
1 3 5 7 9 11 13 15 17 19 21 23 
10
1011011011
1 3 5 7 9 11 13 15 17 19 
13
1011011011011
1 3 5 7 9 11 13 15 17 19 21 23 25 
10
1011011011
1 3 5 7 9 11 13 15 17 19 
20
10110110110110110110
1 3 5 7 9 11 13 15 17 19 21 23 25 27 29 31 33 35 37 39 
10
1011011011
1 3 5 7 9 11 13 15 17 19 
14
10110110110110
1 3 5 7 9 11 13 15 17 19 21 23 25 27 
10
1011011011
1 3 5 7 9 11 13 15 17 19 
17
10110110110110110
1 3 5 7 9 11 13 15 17 19 21 23 25 27 29 31 33 
12
101101101101
1 3 5 7 9 11 13 15 17 19 21 23 
10
1011011011
1 3 5 7 9 11 13 15 17 19 
10
1011011011
1 3 5 7 9 11 13 15 17 19 
10
1011011011
1 3 5 7 9 11 13 15 17 19 
13
1011011011011
1 3 5 7 9 11 13 15 17 19 21 23 25 
18
101101101101101101
1 3 5 7 9 11 13 15 17 19 21 23 25 27 29 31 33 35 
20
10110110110110110110
1 3 5 7 9 11 13 15 17 19 21 23 25 27 29 31 33 35 37 39 
18
101101101101101101
1 3 5 7 9 11 13 15 17 19 21 23 25 27 29 31 33 35 
17
10110110110110110
1 3 5 7 9 11 13 15 17 19 21 23 25 27 29 31 33 
15
101101101101101
1 3 5 7 9 11 13 15 17 19 21 23 25 27 29 
16
1011011011011011
1 3 5 7 9 11 13 15 17 19 21 23 25 27 29 31 
20
10110110110110110110
1 3 5 7 9 11 13 15 17 19 21 23 25 27 29 31 33 35 37 39 
17
10110110110110110
1 3 5 7 9 11 13 15 17 19 21 23 25 27 29 31 33 
19
1011011011011011011
1 3 5 7 9 11 13 15 17 19 21 23 25 27 29 31 33 35 37 
18
101101101101101101
1 3 5 7 9 11 13 15 17 19 21 23 25 27 29 31 33 35 
17
10110110110110110
1 3 5 7 9 11 13 15 17 19 21 23 25 27 29 31 33 
10
1011011011
1 3 5 7 9 11 13 15 17 19 
19
1011011011011011011
1 3 5 7 9 11 13 15 17 19 21 23 25 27 29 31 33 35 37 
12
101101101101
1 3 5 7 9 11 13 15 17 19 21 23 
12
101101101101
1 3 5 7 9 11 13 15 17 19 21 23 
10
1011011011
1 3 5 7 9 11 13 15 17 19 
14
10110110110110
1 3 5 7 9 11 13 15 17 19 21 23 25 27 
20
10110110110110110110
1 3 5 7 9 11 13 15 17 19 21 23 25 27 29 31 33 35 37 39 
15
101101101101101
1 3 5 7 9 11 13 15 17 19 21 23 25 27 29 
15
101101101101101
1 3 5 7 9 11 13 15 17 19 21 23 25 27 29 
19
1011011011011011011
1 3 5 7 9 11 13 15 17 19 21 23 25 27 29 31 33 35 37 
14
10110110110110
1 3 5 7 9 11 13 15 17 19 21 23 25 27 
15
101101101101101
1 3 5 7 9 11 13 15 17 19 21 23 25 27 29 
12
101101101101
1 3 5 7 9 11 13 15 17 19 21 23 
13
1011011011011
1 3 5 7 9 11 13 15 17 19 21 23 25 
19
1011011011011011011
1 3 5 7 9 11 13 15 17 19 21 23 25 27 29 31 33 35 37 
12
101101101101
1 3 5 7 9 11 13 15 17 19 21 23 
10
1011011011
1 3 5 7 9 11 13 15 17 19 
18
101101101101101101
1 3 5 7 9 11 13 15 17 19 21 23 25 27 29 31 33 35 
18
101101101101101101
1 3 5 7 9 11 13 15 17 19 21 23 25 27 29 31 33 35 
18
101101101101101101
1 3 5 7 9 11 13 15 17 19 21 23 25 27 29 31 33 35 
17
10110110110110110
1 3 5 7 9 11 13 15 17 19 21 23 25 27 29 31 33 
11
10110110110
1 3 5 7 9 11 13 15 17 19 21 
11
10110110110
1 3 5 7 9 11 13 15 17 19 21 
20
10110110110110110110
1 3 5 7 9 11 13 15 17 19 21 23 25 27 29 31 33 35 37 39 
17
10110110110110110
1 3 5 7 9 11 13 15 17 19 21 23 25 27 29 31 33 
18
101101101101101101
1 3 5 7 9 11 13 15 17 19 21 23 25 27 29 31 33 35 
12
101101101101
1 3 5 7 9 11 13 15 17 19 21 23 
18
101101101101101101
1 3 5 7 9 11 13 15 17 19 21 23 25 27 29 31 33 35 
14
10110110110110
1 3 5 7 9 11 13 15 17 19 21 23 25 27 
12
101101101101
1 3 5 7 9 11 13 15 17 19 21 23 
20
10110110110110110110
1 3 5 7 9 11 13 15 17 19 21 23 25 27 29 31 33 35 37 39 
18
101101101101101101
1 3 5 7 9 11 13 15 17 19 21 23 25 27 29 31 33 35 
18
101101101101101101
1 3 5 7 9 11 13 15 17 19 21 23 25 27 29 31 33 35 
20
10110110110110110110
1 3 5 7 9 11 13 15 17 19 21 23 25 27 29 31 33 35 37 39 
14
10110110110110
1 3 5 7 9 11 13 15 17 19 21 23 25 27 
10
1011011011
1 3 5 7 9 11 13 15 17 19 
10
1011011011
1 3 5 7 9 11 13 15 17 19 
14
10110110110110
1 3 5 7 9 11 13 15 17 19 21 23 25 27 
20
10110110110110110110
1 3 5 7 9 11 13 15 17 19 21 23 25 27 29 31 33 35 37 39 
10
1011011011
1 3 5 7 9 11 13 15 17 19 
18
101101101101101101
1 3 5 7 9 11 13 15 17 19 21 23 25 27 29 31 33 35 
20
10110110110110110110
1 3 5 7 9 11 13 15 17 19 21 23 25 27 29 31 33 35 37 39 
16
1011011011011011
1 3 5 7 9 11 13 15 17 19 21 23 25 27 29 31 
10
1011011011
1 3 5 7 9 11 13 15 17 19 
17
10110110110110110
1 3 5 7 9 11 13 15 17 19 21 23 25 27 29 31 33 
11
10110110110
1 3 5 7 9 11 13 15 17 19 21 
16
1011011011011011
1 3 5 7 9 11 13 15 17 19 21 23 25 27 29 31 
14
10110110110110
1 3 5 7 9 11 13 15 17 19 21 23 25 27 
20
10110110110110110110
1 3 5 7 9 11 13 15 17 19 21 23 25 27 29 31 33 35 37 39 
19
1011011011011011011
1 3 5 7 9 11 13 15 17 19 21 23 25 27 29 31 33 35 37 
11
10110110110
1 3 5 7 9 11 13 15 17 19 21 
14
10110110110110
1 3 5 7 9 11 13 15 17 19 21 23 25 27 
11
10110110110
1 3 5 7 9 11 13 15 17 19 21 
12
101101101101
1 3 5 7 9 11 13 15 17 19 21 23 
18
101101101101101101
1 3 5 7 9 11 13 15 17 19 21 23 25 27 29 31 33 35 
17
10110110110110110
1 3 5 7 9 11 13 15 17 19 21 23 25 27 29 31 33 
17
10110110110110110
1 3 5 7 9 11 13 15 17 19 21 23 25 27 29 31 33 
15
101101101101101
1 3 5 7 9 11 13 15 17 19 21 23 25 27 29 
17
10110110110110110
1 3 5 7 9 11 13 15 17 19 21 23 25 27 29 31 33 
19
1011011011011011011
1 3 5 7 9 11 13 15 17 19 21 23 25 27 29 31 33 35 37 
14
10110110110110
1 3 5 7 9 11 13 15 17 19 21 23 25 27 
18
101101101101101101
1 3 5 7 9 11 13 15 17 19 21 23 25 27 29 31 33 35 
11
10110110110
1 3 5 7 9 11 13 15 17 19 21 
17
10110110110110110
1 3 5 7 9 11 13 15 17 19 21 23 25 27 29 31 33 
20
10110110110110110110
1 3 5 7 9 11 13 15 17 19 21 23 25 27 29 31 33 35 37 39 
16
1011011011011011
1 3 5 7 9 11 13 15 17 19 21 23 25 27 29 31 
14
10110110110110
1 3 5 7 9 11 13 15 17 19 21 23 25 27 
14
10110110110110
1 3 5 7 9 11 13 15 17 19 21 23 25 27 
17
10110110110110110
1 3 5 7 9 11 13 15 17 19 21 23 25 27 29 31 33 
13
1011011011011
1 3 5 7 9 11 13 15 17 19 21 23 25 
14
10110110110110
1 3 5 7 9 11 13 15 17 19 21 23 25 27 
13
1011011011011
1 3 5 7 9 11 13 15 17 19 21 23 25 
20
10110110110110110110
1 3 5 7 9 11 13 15 17 19 21 23 25 27 29 31 33 35 37 39 
13
1011011011011
1 3 5 7 9 11 13 15 17 19 21 23 25 
15
101101101101101
1 3 5 7 9 11 13 15 17 19 21 23 25 27 29 
