100
13
1010101010101
1 4 5 9 13 17 20 21 23 27 30 35 36 
13
1010101010101
1 4 8 9 11 12 15 17 19 21 22 25 29 
9
101010101
1 6 11 16 17 22 25 26 31 
20
10101010101010101010
1 4 9 12 15 18 20 21 24 27 32 34 35 37 38 43 47 52 53 58 
12
101010101010
1 6 7 11 14 15 18 21 26 30 31 35 
16
1010101010101010
1 3 5 10 13 14 19 21 26 27 28 29 31 34 36 41 
7
1010101
1 2 3 7 8 13 14 
11
10101010101
1 6 7 12 14 19 22 24 28 32 34 
14
10101010101010
1 4 9 13 18 22 26 29 30 33 34 39 42 45 
10
1010101010
1 6 10 15 19 24 27 29 32 35 
13
1010101010101
1 4 6 9 12 14 17 21 26 28 32 36 39 
17
10101010101010101
1 6 8 12 14 19 23 26 29 32 36 41 45 47 51 56 57 
20
10101010101010101010
1 6 9 12 15 20 25 30 32 34 36 40 45 50 51 56 60 64 68 70 
14
10101010101010
1 6 8 10 15 16 20 22 25 27 32 34 39 42 
8
10101010
1 6 10 14 15 17 21 23 
6
101010
1 3 5 8 10 14 
19
1010101010101010101
1 5 6 9 11 12 17 20 23 24 27 29 34 35 38 39 44 49 52 
6
101010
1 5 7 9 13 18 
10
1010101010
1 6 9 12 14 18 20 25 27 28 
14
10101010101010
1 6 7 10 15 20 22 27 31 35 40 43 46 51 
12
101010101010
1 2 4 9 14 18 20 21 26 29 31 35 
13
1010101010101
1 3 4 5 8 10 12 14 19 21 23 24 27 
17
10101010101010101
1 6 8 9 11 16 21 23 24 25 28 30 32 36 37 39 44 
19
1010101010101010101
1 5 10 12 17 20 23 28 30 31 34 36 37 39 44 49 51 56 61 
17
10101010101010101
1 5 10 13 15 20 21 26 27 32 34 39 42 46 51 55 56 
15
101010101010101
1 3 5 10 11 15 18 23 24 27 28 31 35 36 37 
7
1010101
1 4 8 9 14 16 20 
13
1010101010101
1 6 9 13 18 21 26 27 28 30 33 37 39 
14
10101010101010
1 5 6 9 12 13 14 16 17 19 20 23 26 27 
6
101010
1 6 10 14 19 22 
7
1010101
1 6 8 13 14 19 21 
19
1010101010101010101
1 3 5 7 8 10 13 15 17 21 23 25 28 31 33 38 40 45 50 
14
10101010101010
1 3 7 8 11 16 17 19 20 24 25 27 32 37 
11
10101010101
1 4 9 13 15 18 23 27 31 34 38 
16
1010101010101010
1 4 5 7 8 12 15 17 19 23 25 30 32 34 38 41 
15
101010101010101
1 5 8 11 14 17 20 22 23 28 30 34 39 43 44 
6
101010
1 5 6 10 12 17 
20
10101010101010101010
1 6 10 14 18 20 21 24 28 30 33 35 40 44 47 51 53 57 58 60 
20
10101010101010101010
1 4 9 10 11 13 14 19 24 27 31 33 36 37 42 45 47 50 53 55 
8
10101010
1 2 7 11 12 14 19 24 
11
10101010101
1 4 5 7 9 14 19 23 27 30 32 
6
101010
1 5 9 14 18 20 
11
10101010101
1 6 7 10 15 18 21 23 25 27 29 
8
10101010
1 2 7 9 12 15 16 21 
12
101010101010
1 2 3 7 8 13 17 19 21 26 29 31 
14
10101010101010
1 3 7 12 17 21 25 29 31 35 38 43 45 48 
18
101010101010101010
1 4 6 7 9 11 13 16 17 19 23 24 25 30 35 40 42 46 
13
1010101010101
1 6 11 12 17 22 27 31 35 38 42 45 49 
8
10101010
1 3 7 8 12 13 17 22 
10
1010101010
1 2 3 8 13 18 22 23 28 31 
18
101010101010101010
1 6 11 13 15 17 22 24 25 30 33 35 40 44 48 51 52 54 
20
10101010101010101010
1 5 10 12 16 21 26 29 33 36 39 44 46 47 48 51 56 60 61 62 
6
101010
1 6 11 13 16 19 
15
101010101010101
1 2 6 11 15 17 22 26 27 32 34 38 41 43 45 
18
101010101010101010
1 6 10 15 17 19 21 23 27 31 35 37 41 43 47 52 54 55 
7
1010101
1 2 6 10 13 14 16 
11
10101010101
1 5 9 13 16 18 21 26 31 33 34 
10
1010101010
1 2 7 12 14 15 17 22 27 29 
13
1010101010101
1 4 6 10 14 16 21 24 27 30 31 33 38 
9
101010101
1 4 6 10 14 15 16 21 22 
6
101010
1 4 6 10 11 14 
13
1010101010101
1 3 4 6 10 15 17 18 23 25 28 31 33 
17
10101010101010101
1 4 6 9 12 15 20 23 28 30 32 35 39 40 45 50 53 
13
1010101010101
1 4 8 11 15 18 22 23 24 27 29 31 34 
6
101010
1 6 7 11 13 18 
6
101010
1 4 6 11 12 17 
5
10101
1 2 4 5 6 
19
1010101010101010101
1 5 7 9 11 12 14 17 21 24 28 30 33 38 41 42 44 45 50 
17
10101010101010101
1 5 6 9 14 18 20 25 26 31 32 33 36 41 42 43 46 
11
10101010101
1 3 4 5 6 7 10 15 16 19 21 
9
101010101
1 5 8 11 15 20 21 26 30 
16
1010101010101010
1 2 6 8 13 15 18 22 26 28 32 33 35 40 41 43 
19
1010101010101010101
1 6 8 11 14 19 22 24 29 32 34 36 39 40 42 43 48 52 55 
20
10101010101010101010
1 2 7 10 12 14 17 18 22 23 26 28 32 37 38 40 43 45 48 53 
5
10101
1 5 9 13 15 
6
101010
1 2 3 7 8 13 
20
10101010101010101010
1 2 6 11 12 17 22 26 31 33 38 39 40 44 47 51 54 55 60 65 
5
10101
1 2 3 7 8 
13
1010101010101
1 4 5 8 9 14 16 21 25 28 33 38 42 
6
101010
1 5 6 7 9 12 
9
101010101
1 5 7 11 13 18 21 25 30 
18
101010101010101010
1 4 5 7 8 10 11 13 14 19 24 27 30 32 36 40 43 46 
18
101010101010101010
1 3 4 5 7 8 12 15 20 22 25 29 30 31 33 36 40 44 
12
101010101010
1 3 8 10 12 16 20 25 29 34 38 42 
17
10101010101010101
1 5 7 10 14 17 21 22 25 26 30 34 38 41 43 46 50 
13
1010101010101
1 4 5 6 8 9 10 14 16 18 21 23 26 
18
101010101010101010
1 5 9 12 14 18 20 21 26 29 33 37 39 41 44 45 47 51 
7
1010101
1 4 6 11 16 21 26 
9
101010101
1 4 7 8 11 14 18 19 22 
7
1010101
1 6 10 15 20 21 24 
10
1010101010
1 5 7 10 13 15 18 22 25 26 
13
1010101010101
1 2 4 8 11 15 20 23 28 32 35 40 42 
18
101010101010101010
1 4 5 7 9 10 15 19 21 23 25 29 33 36 39 44 49 52 
7
1010101
1 5 9 12 16 17 19 
11
10101010101
1 2 6 11 12 15 16 19 23 25 28 
10
1010101010
1 5 9 12 13 17 20 25 29 30 
14
10101010101010
1 6 8 12 17 22 25 28 29 32 36 41 43 48 
16
1010101010101010
1 2 6 11 16 17 20 25 27 31 33 36 40 41 43 46 
17
10101010101010101
1 5 10 12 16 17 20 22 27 28 29 30 33 36 39 43 44 
15
101010101010101
1 4 9 13 18 22 25 27 29 34 35 40 43 46 51 
