100
8
10000001
1 2 3 4 5 6 7 8 
16
1000000000000001
1 2 3 4 5 6 7 8 9 10 11 12 13 14 15 16 
12
100000000001
1 2 3 4 5 6 7 8 9 10 11 12 
9
100000001
1 2 3 4 5 6 7 8 9 
7
1000001
1 2 3 4 5 6 7 
20
10000000000000000001
1 2 3 4 5 6 7 8 9 10 11 12 13 14 15 16 17 18 19 20 
14
10000000000001
1 2 3 4 5 6 7 8 9 10 11 12 13 14 
11
10000000001
1 2 3 4 5 6 7 8 9 10 11 
17
10000000000000001
1 2 3 4 5 6 7 8 9 10 11 12 13 14 15 16 17 
18
100000000000000001
1 2 3 4 5 6 7 8 9 10 11 12 13 14 15 16 17 18 
9
100000001
1 2 3 4 5 6 7 8 9 
8
10000001
1 2 3 4 5 6 7 8 
14
10000000000001
1 2 3 4 5 6 7 8 9 10 11 12 13 14 
10
1000000001
1 2 3 4 5 6 7 8 9 10 
16
1000000000000001
1 2 3 4 5 6 7 8 9 10 11 12 13 14 15 16 
18
100000000000000001
1 2 3 4 5 6 7 8 9 10 11 12 13 14 15 16 17 18 
19
1000000000000000001
1 2 3 4 5 6 7 8 9 10 11 12 13 14 15 16 17 18 19 
19
1000000000000000001
1 2 3 4 5 6 7 8 9 10 11 12 13 14 15 16 17 18 19 
10
1000000001
1 2 3 4 5 6 7 8 9 10 
16
1000000000000001
1 2 3 4 5 6 7 8 9 10 11 12 13 14 15 16 
12
100000000001
1 2 3 4 5 6 7 8 9 10 11 12 
15
100000000000001
1 2 3 4 5 6 7 8 9 10 11 12 13 14 15 
13
1000000000001
1 2 3 4 5 6 7 8 9 10 11 12 13 
17
10000000000000001
1 2 3 4 5 6 7 8 9 10 11 12 13 14 15 16 17 
14
10000000000001
1 2 3 4 5 6 7 8 9 10 11 12 13 14 
8
10000001
1 2 3 4 5 6 7 8 
9
100000001
1 2 3 4 5 6 7 8 9 
9
100000001
1 2 3 4 5 6 7 8 9 
15
100000000000001
1 2 3 4 5 6 7 8 9 10 11 12 13 14 15 
11
10000000001
1 2 3 4 5 6 7 8 9 10 11 
14
10000000000001
1 2 3 4 5 6 7 8 9 10 11 12 13 14 
10
1000000001
1 2 3 4 5 6 7 8 9 10 
9
100000001
1 2 3 4 5 6 7 8 9 
12
100000000001
1 2 3 4 5 6 7 8 9 10 11 12 
12
100000000001
1 2 3 4 5 6 7 8 9 10 11 12 
15
100000000000001
1 2 3 4 5 6 7 8 9 10 11 12 13 14 15 
11
10000000001
1 2 3 4 5 6 7 8 9 10 11 
6
100001
1 2 3 4 5 6 
18
100000000000000001
1 2 3 4 5 6 7 8 9 10 11 12 13 14 15 16 17 18 
18
100000000000000001
1 2 3 4 5 6 7 8 9 10 11 12 13 14 15 16 17 18 
6
100001
1 2 3 4 5 6 
20
10000000000000000001
1 2 3 4 5 6 7 8 9 10 11 12 13 14 15 16 17 18 19 20 
16
1000000000000001
1 2 3 4 5 6 7 8 9 10 11 12 13 14 15 16 
8
10000001
1 2 3 4 5 6 7 8 
20
10000000000000000001
1 2 3 4 5 6 7 8 9 10 11 12 13 14 15 16 17 18 19 20 
20
10000000000000000001
1 2 3 4 5 6 7 8 9 10 11 12 13 14 15 16 17 18 19 20 
17
10000000000000001
1 2 3 4 5 6 7 8 9 10 11 12 13 14 15 16 17 
14
10000000000001
1 2 3 4 5 6 7 8 9 10 11 12 13 14 
9
100000001
1 2 3 4 5 6 7 8 9 
8
10000001
1 2 3 4 5 6 7 8 
8
10000001
1 2 3 4 5 6 7 8 
6
100001
1 2 3 4 5 6 
15
100000000000001
1 2 3 4 5 6 7 8 9 10 11 12 13 14 15 
8
10000001
1 2 3 4 5 6 7 8 
19
1000000000000000001
1 2 3 4 5 6 7 8 9 10 11 12 13 14 15 16 17 18 19 
19
1000000000000000001
1 2 3 4 5 6 7 8 9 10 11 12 13 14 15 16 17 18 19 
10
1000000001
1 2 3 4 5 6 7 8 9 10 
8
10000001
1 2 3 4 5 6 7 8 
18
100000000000000001
1 2 3 4 5 6 7 8 9 10 11 12 13 14 15 16 17 18 
12
100000000001
1 2 3 4 5 6 7 8 9 10 11 12 
9
100000001
1 2 3 4 5 6 7 8 9 
16
1000000000000001
1 2 3 4 5 6 7 8 9 10 11 12 13 14 15 16 
11
10000000001
1 2 3 4 5 6 7 8 9 10 11 
17
10000000000000001
1 2 3 4 5 6 7 8 9 10 11 12 13 14 15 16 17 
9
100000001
1 2 3 4 5 6 7 8 9 
19
1000000000000000001
1 2 3 4 5 6 7 8 9 10 11 12 13 14 15 16 17 18 19 
9
100000001
1 2 3 4 5 6 7 8 9 
15
100000000000001
1 2 3 4 5 6 7 8 9 10 11 12 13 14 15 
10
1000000001
1 2 3 4 5 6 7 8 9 10 
8
10000001
1 2 3 4 5 6 7 8 
17
10000000000000001
1 2 3 4 5 6 7 8 9 10 11 12 13 14 15 16 17 
19
1000000000000000001
1 2 3 4 5 6 7 8 9 10 11 12 13 14 15 16 17 18 19 
16
1000000000000001
1 2 3 4 5 6 7 8 9 10 11 12 13 14 15 16 
12
100000000001
1 2 3 4 5 6 7 8 9 10 11 12 
9
100000001
1 2 3 4 5 6 7 8 9 
18
100000000000000001
1 2 3 4 5 6 7 8 9 10 11 12 13 14 15 16 17 18 
14
10000000000001
1 2 3 4 5 6 7 8 9 10 11 12 13 14 
9
100000001
1 2 3 4 5 6 7 8 9 
19
1000000000000000001
1 2 3 4 5 6 7 8 9 10 11 12 13 14 15 16 17 18 19 
7
1000001
1 2 3 4 5 6 7 
14
10000000000001
1 2 3 4 5 6 7 8 9 10 11 12 13 14 
10
1000000001
1 2 3 4 5 6 7 8 9 10 
9
100000001
1 2 3 4 5 6 7 8 9 
19
1000000000000000001
1 2 3 4 5 6 7 8 9 10 11 12 13 14 15 16 17 18 19 
12
100000000001
1 2 3 4 5 6 7 8 9 10 11 12 
9
100000001
1 2 3 4 5 6 7 8 9 
6
100001
1 2 3 4 5 6 
12
100000000001
1 2 3 4 5 6 7 8 9 10 11 12 
10
1000000001
1 2 3 4 5 6 7 8 9 10 
13
1000000000001
1 2 3 4 5 6 7 8 9 10 11 12 13 
13
1000000000001
1 2 3 4 5 6 7 8 9 10 11 12 13 
20
10000000000000000001
1 2 3 4 5 6 7 8 9 10 11 12 13 14 15 16 17 18 19 20 
14
10000000000001
1 2 3 4 5 6 7 8 9 10 11 12 13 14 
9
100000001
1 2 3 4 5 6 7 8 9 
16
1000000000000001
1 2 3 4 5 6 7 8 9 10 11 12 13 14 15 16 
7
1000001
1 2 3 4 5 6 7 
18
100000000000000001
1 2 3 4 5 6 7 8 9 10 11 12 13 14 15 16 17 18 
18
100000000000000001
1 2 3 4 5 6 7 8 9 10 11 12 13 14 15 16 17 18 
14
10000000000001
1 2 3 4 5 6 7 8 9 10 11 12 13 14 
13
1000000000001
1 2 3 4 5 6 7 8 9 10 11 12 13 
