492905915238
506360175928
497316806792
499499682951
505458775143
481270163767
495444714355
490271163488
512322399002
494612222941
487792297656
499254102154
495171717826
496262215305
495833414778
493730601011
495466810789
499290602617
519818969717
504158129121
490025739377
492334456434
485886072321
499203957346
498244077117
504736854250
487744482432
508835847099
491084856738
504440953070
492321772927
513496077326
495843891161
500029103351
505290490577
512924039841
499258435414
498688091255
490025071877
510035362327
505215900576
500365928436
490603932117
515399482807
504394611632
494379665728
492393660174
501654846427
505760582554
482681259589
503480290637
514004562244
493680770450
502127773503
503402273493
501046018941
499055403862
506906369558
504080406238
498481243066
493395070744
488774211242
495421011325
486172594687
508548437713
511307112998
499664133416
497464585072
513754284422
484671601002
498541008272
498898166935
498712709292
490655271379
507174473076
490780248839
503159729228
506128530906
494060605695
496346564811
511805596835
503780706645
499059680390
495871887287
499926698102
495753146269
509318877209
507129357589
502817139193
488255893138
497732237246
497950638839
485948068683
493692793114
493407566212
494340288528
512435347589
498536367508
491493454373
500123668449
507236609811
507247741959
490278612605
502587905991
504445698070
491124251048
502702686873
486603694609
500112881144
506855926482
499985230487
489892255292
498768472246
499673940338
496696094249
503018254700
495757147342
488691943085
499779866360
503302166928
513252857291
500146777162
489182024672
499113782759
498082200037
508842152324
508411563856
506185628830
490143207937
516748330873
518059511802
482518699389
502135049433
510932004049
487648099560
519417560433
504234784546
501080086518
504396410571
508847910773
498966001673
494340417235
503970891676
488050777220
494100907421
507986555026
505489371308
501028537615
499085152208
502940271489
505477702753
494448824034
505845714732
522853789185
510061441735
495590278525
506168884574
517125945312
510347195975
498337228175
479540635238
495487664827
497769706235
489479106893
503214369943
500761797652
497763259997
498469738240
491720042342
491969129950
501684376749
502943269342
506653454575
524217896875
499327191990
490243455834
500073498398
500540487750
501479028109
511946717971
512567899215
504964795500
507412169251
512016033337
493389215662
488013667405
511021842357
473703339869
508003544400
500729712018
494320129500
511335442389
516444666613
483674505483
496174336940
506535470548
498878771304
496658082818
489240839180
471610346346
