500028649005
508766652601
493020343115
504391451415
498963442297
498770489149
510649422848
495982885602
498408042866
489851532015
498903596688
487855967844
496864370771
512211564549
507006034072
510071363866
501958292051
506641179733
519061508088
500815059902
501528519857
496594421151
491720053516
491864474476
502737341396
509682875819
496091442718
487342503026
511930615213
500879560477
501845047589
498070071326
497829907218
516867392461
495968933232
502250464981
478985566761
512417729828
507822693704
482329094060
505593223441
496694056233
478476927671
502561555838
511085129270
506583136081
487377896069
486849621676
488674229674
499194402358
494997000323
486993617253
495542722232
486475984582
526089774974
520422553501
499044405403
486677435702
494365434133
504919138153
519568745664
501942837344
512882811072
484862717916
491589859222
496036194568
496230996037
496429698792
491088797293
505664174074
490633672959
506153322769
489308281789
504729930239
489064082369
498575594976
519316100802
502128940384
499468081375
495138248138
501955579464
499908896429
485609693358
488952053057
482216586174
504924653625
510664516695
491163835565
500737552826
494930286682
492029992752
510897962489
509412941906
501940485631
499406374194
501526924765
495206043611
492800687069
500714602319
511990950938
498767091342
517401390304
502932495587
498417496950
514663195995
502951257861
490992307132
498532085887
491615073102
503429750893
503364487367
499683222072
483642643655
499423586971
515386306330
503154030417
503308943397
517449253666
485005789362
507419904363
504468203586
505027294353
499001508306
495039803698
504262627193
496234880070
505838863052
499776890642
509651976039
496087670436
483002166183
495571612125
500874137725
500969263734
507015219992
502564840957
492876735444
517820933971
487864545491
482954856198
501569160309
503348789011
508548517110
492153699247
500745340632
484492791263
507337622811
504687781725
491154631937
498267116301
504196577230
493354974113
491857870104
495623591048
505030393182
481791622883
503421577329
512439470362
484854624416
498257032730
514336652210
487745339808
486403178822
499485171271
503741637266
494935425825
477535719823
505337146068
494819669587
487260838220
495124213995
494263164273
498530904090
480900909919
488100417475
511580047171
509582376223
490574224761
505881582072
488881965263
488321532304
506461484532
499278093377
513234346380
507044892258
491802120369
501050524386
493875659117
495616951190
508225979139
486085953102
488674575428
497783355539
504112297820
511849335657
501145941932
505757060226
489617985758
505717213046
502153291002
