499123609586
489631419500
490340021749
510410744599
505890838305
497395474432
497739867747
497666659282
498168331670
501951903137
498321405107
492441348568
509124349939
501200267700
490681172856
487325874864
511971176682
499229141316
495499308965
499765567519
503441172049
516646515153
503971688928
513596285321
492366226957
506636326575
504274988050
511246727531
504359810856
509761664879
498358757221
500258334722
492380965282
480363269755
500248410986
498045956658
487719912148
498854999995
505799515268
505478613464
497731818846
503425104109
510457931922
514448241361
505832161986
488456204053
496790336976
496532902506
492236708848
499076555820
492035247640
492667955016
494895798432
493937395923
494028242045
503439314158
509594651883
509362417017
511445448714
506792816791
498355238056
502789601064
503309834191
489680671620
493413336471
486541127085
509006592823
490051098897
503501360053
492199194725
492988172260
510569062884
517338862897
506964432163
497235608914
504045733790
508854303412
501595539847
504452443893
502499504875
503598641121
503866894929
497014809929
496516691879
502733708893
498792297481
488265266421
507829929105
514959212732
493440542153
495386644075
497903882215
498117930317
506999127638
494872831257
498855917881
500906381941
495517694595
505998334880
496019931381
503329930880
512066286575
509674355817
517688256155
495342710308
504743987924
495999242025
511031999400
505656615724
488183849684
484088868434
503231081419
493045348021
490866540152
487336155494
513920469411
500783164985
512458604885
511271202120
499200910170
514226346938
494232754539
493776199017
518184322736
496071896630
490058128820
489825044252
496926899564
486348734522
483885733313
510044456543
488778857657
486539448906
482706224068
502829328770
508201553546
502342790944
497089149291
497836182222
501506771472
501287472659
504124148251
491644838294
509743359346
529838329428
495008575631
502795791033
522723197733
507046135438
515504815014
496803780237
495857714069
503875809542
503534406969
493234855866
500948827496
507505516872
505692084764
501679438786
520868447148
509354084144
489614813928
504456464258
498320275026
499654780270
514727399391
483599935829
507447772128
500966815534
493509414128
504304669955
498474029947
504641189245
497336704853
489032495609
506866310309
483168302035
498644668156
512810502354
500154874217
523755787997
484700962319
498262747006
503351917942
508467979121
505102697694
505044324579
501532616282
505043400527
514787675277
495439921993
487104467422
489753952585
509024542584
498195755839
489828312133
495497234057
515309765154
491547071438
495562965904
