542
471
430
294
607
333
679
582
442
576
551
426
498
594
552
705
449
463
444
418
588
566
452
399
566
563
546
474
602
530
573
489
483
353
583
173
459
542
443
628
423
475
422
464
631
315
504
588
623
466
640
577
496
563
581
493
494
616
469
662
515
369
394
586
580
520
557
389
574
531
433
653
661
542
585
583
627
565
438
569
331
373
666
520
428
378
491
371
418
445
358
521
499
527
571
418
583
482
472
460
590
438
385
473
525
474
512
605
512
462
584
618
524
756
521
596
556
618
408
615
614
574
511
427
603
352
452
482
352
552
573
589
528
520
472
344
450
520
363
416
370
743
501
600
459
447
478
515
580
483
528
366
501
564
304
446
515
588
490
364
515
507
542
454
407
457
633
514
464
545
455
632
478
492
554
459
521
529
652
378
518
564
563
457
440
286
644
536
602
461
377
459
520
484
447
717
554
632
575
587
324
450
265
571
374
472
601
523
667
465
524
416
595
517
535
511
522
475
458
438
655
520
441
607
622
579
472
588
388
554
553
494
577
508
449
580
640
379
415
539
501
508
544
507
458
370
723
491
509
559
466
612
385
428
393
551
522
578
725
532
443
487
429
504
537
415
464
576
511
485
533
507
395
564
480
522
506
555
629
559
529
403
540
402
324
536
549
542
501
520
489
554
542
438
220
495
537
452
464
496
569
464
426
555
352
595
573
568
501
591
412
540
362
585
593
495
488
550
376
583
415
477
457
446
549
492
455
432
449
612
560
497
517
337
619
384
487
644
461
434
582
441
460
620
430
532
360
289
318
518
592
375
492
434
685
595
383
595
430
365
517
360
416
407
348
409
603
547
371
542
479
556
514
334
391
490
599
460
635
447
528
523
595
515
451
394
511
527
516
390
376
520
620
572
341
667
380
558
514
449
480
532
655
301
543
477
499
596
332
472
677
489
368
307
426
498
613
475
381
492
281
503
574
480
587
464
493
415
598
548
631
442
439
636
565
489
490
515
439
514
530
516
376
522
454
562
458
442
403
638
525
482
530
555
327
445
740
554
645
376
618
432
373
465
256
597
605
453
423
572
537
476
539
506
614
282
485
583
516
653
409
550
523
570
445
502
445
520
554
705
497
685
556
428
575
385
512
453
617
348
368
653
474
620
407
402
483
448
681
558
522
585
466
585
604
684
400
472
583
422
507
504
450
719
488
721
376
446
498
559
477
588
471
537
416
552
428
478
539
666
597
576
637
585
658
473
454
590
532
408
410
543
566
575
545
495
342
388
582
553
562
654
454
503
436
520
516
518
479
508
548
495
576
540
505
519
534
510
583
610
477
503
651
496
394
373
582
426
434
478
427
497
526
526
608
629
494
591
622
470
396
425
419
468
491
417
489
349
540
257
583
556
418
425
560
546
430
614
605
507
522
540
667
517
658
454
520
631
412
445
586
255
522
567
555
537
624
575
342
493
354
562
621
538
500
578
650
554
496
421
524
595
514
498
656
327
289
594
442
603
451
592
371
465
525
596
481
540
430
530
579
425
573
398
550
536
714
361
602
479
471
387
486
445
533
590
485
655
659
362
493
421
395
389
513
448
496
423
540
364
554
522
522
536
530
498
556
467
753
512
461
428
576
432
480
547
466
489
486
477
497
518
489
572
415
487
423
452
408
494
454
430
463
605
439
508
674
547
368
373
521
568
561
346
553
441
596
460
434
402
528
508
543
389
556
637
612
417
475
555
574
508
385
447
577
498
523
613
560
463
447
501
445
360
533
563
398
496
537
388
434
456
591
514
406
424
465
491
475
589
417
434
447
433
426
549
419
575
440
322
456
583
584
506
547
531
628
462
500
569
579
464
458
641
603
549
522
320
563
439
562
331
587
447
443
585
519
360
541
686
594
489
650
637
579
636
462
482
545
619
510
467
441
571
444
535
589
493
617
501
437
530
555
650
528
555
408
522
290
449
460
582
434
414
371
541
394
564
539
575
588
488
564
508
659
465
544
325
569
421
383
373
448
601
577
506
364
475
592
580
543
401
299
563
590
603
508
605
602
599
530
413
569
341
557
294
451
576
529
537
607
562
466
558
558
303
537
631
495
529
452
517
525
364
457
339
538
577
538
394
435
456
530
390
479
485
596
297
459
407
497
490
325
537
552
590
550
314
581
434
394
346
473
451
616
546
480
533
566
389
443
351
585
595
560
426
638
637
380
572
605
497
509
392
492
657
565
478
562
578
456
474
463
499
414
348
548
469
540
530
527
575
437
596
612
331
529
541
499
491
476
575
512
484
379
422
507
591
644
412
592
338
531
416
431
361
456
377
558
372
463
438
513
627
641
666
526
647
430
579
528
431
571
625
390
521
441
469
607
686
390
600
436
496
563
595
488
439
468
584
509
477
449
522
455
400
469
485
627
644
584
457
530
354
400
487
468
436
520
636
563
503
464
588
590
408
454
528
529
475
558
498
648
493
341
673
646
473
520
602
413
274
440
450
601
416
404
397
613
442
449
396
454
592
351
512
540
489
424
456
666
629
506
548
539
390
369
466
506
551
512
549
417
536
450
414
604
447
502
512
503
487
441
448
592
423
346
544
723
470
517
326
509
513
612
327
545
485
447
647
517
440
669
461
603
608
554
566
425
436
500
372
406
531
331
463
460
679
567
601
535
621
620
431
494
562
504
658
647
603
413
645
416
535
578
544
532
520
316
666
288
470
540
301
587
466
438
568
511
463
479
415
557
464
670
564
422
528
620
492
504
427
431
605
453
502
783
433
395
640
685
676
508
389
534
458
494
535
495
596
470
477
557
682
379
508
560
494
598
463
415
255
274
693
662
648
474
509
658
529
306
477
512
534
589
437
679
560
587
448
471
428
380
530
595
595
614
491
668
503
590
519
488
506
516
382
624
593
480
609
389
458
687
604
465
493
385
515
475
490
389
742
578
541
468
496
597
619
510
628
447
563
565
458
414
580
403
469
482
569
600
612
428
426
559
528
518
476
379
512
606
495
517
642
634
475
431
755
473
435
471
580
480
605
560
544
569
611
600
464
633
293
520
559
624
623
530
540
389
602
622
622
557
524
529
613
276
616
371
491
586
571
396
629
596
501
542
605
515
320
493
575
511
482
560
534
483
482
693
437
332
438
511
548
427
711
467
619
470
571
411
466
520
363
434
434
563
343
581
491
435
513
548
596
492
407
507
521
637
445
597
359
470
477
362
477
548
447
635
451
511
492
487
442
572
534
527
724
440
592
337
426
637
445
395
444
509
529
467
512
408
503
630
644
531
443
336
425
304
429
502
502
614
326
469
602
468
570
599
576
518
475
281
452
647
609
584
518
595
662
579
594
525
416
496
499
503
537
538
607
492
668
481
338
493
622
491
623
414
310
635
396
424
582
462
552
393
511
685
482
385
520
521
507
427
450
478
432
422
577
618
467
558
515
515
651
580
373
553
602
385
575
454
410
644
361
303
300
537
496
508
590
530
460
358
470
602
650
598
441
397
560
595
567
504
582
476
543
586
436
586
464
620
421
451
562
560
484
399
427
421
603
587
517
557
561
450
431
613
373
511
476
548
499
495
307
807
354
475
551
538
533
430
456
483
534
498
574
535
464
573
458
589
607
527
460
529
540
586
518
471
693
613
410
497
457
615
400
559
431
467
511
504
601
526
435
437
691
555
607
507
488
492
476
519
522
567
537
498
330
432
482
568
367
613
384
597
362
430
350
522
397
522
578
396
452
644
577
619
626
448
480
524
563
538
487
276
546
522
456
550
652
394
490
467
468
599
386
364
401
454
406
439
487
408
472
689
584
582
372
506
429
542
332
497
534
393
435
503
527
442
390
343
485
588
384
527
415
378
468
483
613
432
407
553
321
477
448
444
494
698
494
384
507
560
550
627
393
572
405
410
640
488
417
386
607
501
263
557
688
422
619
388
516
516
510
416
507
539
479
506
457
558
539
627
535
649
622
492
591
333
554
503
537
352
434
258
553
625
567
503
587
495
575
408
485
551
506
456
515
493
541
586
613
613
571
597
434
394
541
284
567
543
502
452
517
378
460
545
526
546
454
631
547
449
515
524
500
387
550
469
485
418
595
436
590
536
487
523
478
498
474
459
518
546
686
468
401
502
404
542
599
469
398
610
411
643
438
488
517
644
542
542
520
537
360
422
449
482
412
426
519
567
386
585
526
376
692
432
543
569
453
466
580
409
491
540
456
537
486
449
707
442
598
559
560
466
365
400
548
493
465
591
614
424
520
505
402
707
590
485
475
475
562
247
520
517
418
406
656
523
658
657
405
687
541
635
419
457
671
522
586
597
537
566
679
518
454
568
581
566
798
360
556
396
334
527
544
629
584
629
480
645
516
397
645
464
373
364
561
610
429
482
471
462
519
354
507
577
551
492
541
406
502
562
493
693
510
544
392
487
452
475
497
404
516
699
573
389
532
460
484
282
659
395
483
611
586
550
409
413
404
573
437
516
611
532
433
447
505
475
475
480
583
677
689
539
539
675
544
426
517
610
534
384
546
463
543
525
343
515
470
578
499
498
451
676
569
434
613
422
359
524
494
589
475
448
623
552
594
502
359
538
605
502
453
400
540
350
624
342
446
574
522
533
407
553
546
498
511
433
336
430
500
437
500
659
472
544
597
554
381
605
670
539
452
593
548
405
620
364
434
492
653
598
570
621
498
512
336
575
663
545
487
546
462
527
572
755
591
549
414
577
585
492
663
562
375
610
565
562
298
448
434
530
363
331
608
584
637
568
637
448
596
471
446
642
452
580
486
455
568
738
491
530
480
509
396
479
505
434
683
544
331
514
361
362
405
551
548
384
576
625
583
616
403
503
539
507
616
498
627
480
433
383
482
591
489
484
499
405
627
529
504
523
441
300
472
518
539
495
433
481
541
462
607
529
628
581
418
536
466
531
397
682
554
620
531
379
659
569
487
477
313
463
697
625
494
595
516
620
537
387
416
539
386
486
563
491
516
308
453
620
492
554
607
414
593
501
773
335
462
635
461
596
688
423
443
463
520
499
442
662
545
516
402
295
597
447
427
326
526
527
454
474
621
453
649
402
539
512
605
467
486
441
621
382
401
468
489
524
540
529
437
620
634
306
295
458
429
630
345
542
641
349
709
489
546
647
556
310
672
419
561
578
444
613
542
616
524
428
575
735
584
524
530
642
471
347
551
436
534
410
604
669
455
485
431
563
596
447
357
472
572
787
380
569
491
519
378
500
345
429
619
502
474
612
453
318
495
385
561
451
441
538
279
318
599
480
561
431
599
427
503
365
428
413
487
458
454
388
417
643
482
515
367
491
418
328
456
531
501
493
418
476
394
550
405
360
506
456
364
498
622
517
442
510
286
494
394
533
495
464
562
599
517
808
479
502
547
526
376
363
457
542
491
698
580
607
507
409
335
571
408
386
432
578
510
598
498
532
502
569
581
454
503
328
455
560
509
507
445
569
538
536
393
542
548
486
324
512
735
493
594
511
613
425
385
482
506
573
495
385
508
429
623
565
635
668
529
559
682
485
406
442
558
521
516
519
498
375
511
574
419
514
672
619
545
546
438
536
745
557
390
616
643
427
600
332
556
582
430
587
372
542
491
386
498
467
430
413
563
607
561
416
336
522
493
563
391
598
504
330
474
647
546
518
556
611
296
608
608
599
634
653
498
526
628
499
427
481
483
418
465
549
491
472
365
554
392
563
436
506
499
625
544
680
464
486
475
563
388
609
656
422
565
485
476
468
529
550
727
494
561
319
635
388
501
493
528
417
445
526
517
574
574
596
561
464
294
423
394
608
427
663
314
452
454
332
436
450
548
464
655
628
411
492
637
391
520
555
514
410
402
453
573
409
559
700
440
430
408
511
423
490
412
512
431
465
633
412
682
648
625
580
586
436
432
658
551
544
520
553
647
518
515
349
543
521
455
540
491
296
483
467
570
519
352
369
610
571
421
485
462
468
437
692
561
433
495
482
461
561
360
482
611
571
350
663
576
511
381
540
442
690
469
521
396
477
680
458
651
514
568
660
676
519
452
387
560
498
516
590
399
434
453
543
444
412
543
615
467
640
573
310
530
410
473
608
499
599
417
779
618
574
523
611
386
541
541
505
410
604
549
661
425
480
503
602
605
585
570
492
355
530
525
490
360
586
408
438
483
405
502
330
622
588
465
465
503
594
445
476
452
504
703
581
541
633
645
387
658
465
590
441
517
402
395
625
377
496
558
553
441
458
544
432
665
468
590
490
605
645
569
408
554
448
494
406
499
533
497
412
448
651
524
479
548
486
553
444
506
411
472
405
627
454
576
529
467
379
582
567
574
513
517
467
463
687
704
450
534
492
334
505
553
572
512
619
569
327
475
443
543
556
603
434
551
424
366
604
453
432
460
535
406
595
287
558
537
381
439
578
570
406
407
529
524
439
554
343
653
494
464
467
509
434
638
556
486
440
572
397
519
471
525
545
491
486
564
544
563
390
353
407
321
590
476
661
559
480
441
471
655
529
340
553
533
475
308
617
638
388
482
560
440
436
676
457
427
589
455
491
388
492
601
493
451
473
553
432
479
520
548
499
371
421
507
463
477
346
571
673
567
572
568
422
477
443
528
540
535
448
616
560
428
625
569
483
470
529
460
369
584
628
529
425
412
484
787
510
604
335
513
516
616
489
510
528
604
699
558
432
530
511
497
466
464
364
683
478
540
483
588
597
402
476
610
453
505
461
517
599
424
422
502
512
615
448
655
464
442
519
585
633
412
436
634
616
690
507
380
600
516
617
384
563
647
445
435
302
379
453
579
655
444
684
625
399
382
544
447
385
320
460
440
428
513
549
629
462
655
513
494
474
480
522
636
547
483
492
590
639
357
524
398
416
547
450
523
559
606
480
577
562
615
601
538
603
617
497
590
490
453
631
623
503
542
447
439
610
436
490
611
332
473
479
370
408
284
483
440
382
536
385
544
646
682
439
479
526
622
465
629
658
537
609
401
276
490
478
400
507
568
497
399
461
512
545
595
522
404
547
494
411
608
467
474
380
497
427
651
652
485
555
531
608
599
603
576
512
517
598
553
455
415
495
634
469
362
323
599
468
478
447
522
305
466
461
419
381
574
635
602
649
469
452
557
501
329
571
427
437
472
541
654
595
479
478
462
671
393
646
567
559
793
467
476
426
430
455
775
512
453
376
406
595
466
333
558
499
490
467
398
497
600
490
595
478
476
639
346
441
532
531
540
462
417
455
326
547
429
548
533
633
373
491
509
635
391
452
633
566
318
456
433
444
567
396
563
508
435
607
535
547
550
501
511
497
511
567
489
512
596
489
645
507
586
354
562
437
584
570
539
577
461
412
487
716
629
552
442
649
456
638
330
451
544
483
445
442
522
465
602
372
631
609
575
468
543
534
443
534
608
502
554
513
447
496
317
629
425
439
368
494
529
426
643
547
519
579
380
342
682
506
478
325
552
399
496
463
525
602
391
513
355
471
517
464
313
682
650
491
508
499
525
411
564
391
377
575
462
559
509
613
552
555
397
490
547
512
756
512
491
642
351
506
456
299
643
555
559
366
496
557
575
602
550
539
551
469
681
619
494
405
705
412
485
729
344
400
504
629
678
261
599
533
578
505
479
532
433
473
429
294
503
561
586
737
520
505
667
637
497
462
429
580
464
577
602
507
587
477
527
336
623
444
571
492
277
567
573
519
553
466
473
471
457
409
608
432
566
503
381
559
675
503
363
360
486
629
466
609
612
584
476
340
543
629
603
404
537
567
691
336
449
402
401
316
477
568
399
446
607
605
553
409
622
419
528
365
516
435
522
596
494
354
590
447
528
570
478
592
491
456
580
396
479
624
463
442
606
418
437
674
556
516
662
492
570
577
418
605
430
538
471
683
600
544
418
413
505
509
419
438
525
678
447
394
499
688
500
448
626
495
319
366
479
506
508
445
471
462
592
461
482
343
540
588
550
534
552
632
516
518
380
389
526
602
547
350
457
653
599
616
692
549
530
380
520
556
493
471
543
473
385
420
534
482
534
477
576
352
547
456
506
485
586
403
279
560
554
443
514
507
386
434
577
562
617
473
390
546
569
670
552
434
485
439
518
470
485
474
327
682
590
640
531
429
636
343
451
463
552
587
631
604
670
532
309
411
430
444
420
228
651
590
522
431
343
494
503
486
384
459
569
406
594
446
369
541
551
537
368
592
502
403
468
526
488
308
410
511
340
474
550
545
539
349
670
678
436
453
586
403
423
385
535
523
472
618
677
504
595
696
656
560
613
632
513
420
616
273
533
545
322
550
536
530
605
468
558
444
583
471
469
496
451
455
385
461
637
472
482
393
512
532
538
586
403
621
520
493
418
461
538
623
464
467
429
547
488
614
477
636
490
471
379
490
451
629
409
562
409
566
523
597
560
496
487
516
482
522
532
452
465
341
516
541
439
466
305
546
447
360
576
540
565
520
523
470
535
597
442
510
404
450
532
316
441
523
421
465
457
585
403
506
443
352
350
485
361
620
408
501
491
336
476
492
542
526
368
386
549
475
423
611
558
508
499
511
447
460
684
633
522
608
662
479
491
202
316
345
468
339
365
457
433
610
653
626
671
555
308
597
478
538
465
598
665
589
391
437
422
595
493
526
511
469
484
416
605
441
562
537
554
575
445
447
494
606
456
406
618
609
469
669
364
430
618
435
587
597
601
422
609
535
620
577
620
576
508
499
545
496
421
388
499
589
571
484
507
458
481
455
435
430
478
683
385
669
280
529
368
419
580
446
452
448
479
551
519
631
378
443
443
432
348
443
456
460
628
428
379
508
395
565
582
551
470
466
423
389
531
596
333
455
414
505
655
629
485
604
434
391
503
449
573
571
432
340
437
591
398
687
376
645
642
712
406
501
459
423
475
714
466
580
600
418
593
306
591
651
491
473
572
618
534
447
675
494
501
510
518
495
531
487
555
651
572
576
477
410
424
400
609
445
426
674
557
666
618
437
321
467
483
542
575
579
461
514
593
333
547
520
545
475
567
550
466
526
564
577
531
575
555
540
587
582
570
407
597
569
711
437
411
431
438
482
477
628
413
587
529
653
283
580
465
517
442
626
514
328
541
429
507
513
414
635
323
503
421
502
441
628
428
525
512
631
498
687
531
456
573
628
538
485
554
524
419
393
581
528
624
343
435
557
662
617
494
548
489
366
505
636
460
433
573
482
560
477
417
456
429
573
500
567
684
509
484
441
351
522
610
590
513
510
543
592
425
582
527
563
491
407
465
442
418
465
399
508
537
492
461
517
449
519
334
503
526
395
476
517
431
481
589
337
520
335
400
629
441
495
430
371
568
546
277
511
260
324
471
556
634
615
487
413
500
469
490
494
564
559
445
508
645
422
432
584
569
430
545
451
428
564
521
523
511
576
472
582
392
476
544
533
474
502
404
479
587
427
471
422
439
460
332
413
467
580
662
464
426
548
490
432
519
460
536
424
504
296
609
424
597
300
535
396
493
507
586
383
499
502
528
461
531
460
585
584
566
605
529
457
483
527
455
623
523
726
566
304
682
512
432
483
544
505
619
415
544
596
568
579
570
425
562
554
623
453
405
634
641
392
674
571
575
487
512
422
468
565
453
371
552
469
629
600
497
616
590
351
486
444
408
530
382
509
468
517
415
346
575
499
545
487
521
566
436
398
419
492
525
337
425
407
488
462
421
505
473
562
563
589
592
523
453
425
444
426
389
451
435
512
567
551
472
480
497
488
527
447
380
599
550
440
402
284
545
597
366
708
693
396
550
456
472
465
550
449
493
490
343
510
554
495
496
392
351
558
513
510
431
597
478
424
606
525
384
500
679
599
619
619
457
494
611
485
577
583
553
642
459
468
468
578
540
474
410
471
567
408
575
247
502
505
637
448
502
521
729
555
596
580
516
553
529
548
391
541
468
540
501
364
520
482
705
665
592
663
420
526
489
576
440
628
479
322
581
482
388
598
542
410
629
481
358
667
536
447
401
513
557
394
393
465
547
614
477
524
539
498
546
445
437
500
479
446
505
569
443
557
427
710
409
531
506
538
572
541
638
645
449
493
463
400
550
441
521
416
521
505
618
508
474
620
362
585
333
603
285
453
402
579
494
507
513
429
563
586
509
477
577
349
614
367
368
573
360
623
495
544
561
525
507
342
412
551
563
400
689
535
622
511
480
419
428
602
589
491
560
464
461
479
397
613
683
465
407
448
390
654
392
665
377
600
495
607
528
549
483
523
670
461
556
623
500
563
507
680
469
434
466
448
441
447
519
401
575
533
622
601
507
506
403
621
594
425
484
369
559
598
568
371
560
435
509
376
504
389
417
529
387
263
370
549
474
408
508
563
534
544
339
442
505
663
480
439
498
640
510
417
357
382
461
469
541
408
477
576
506
503
434
427
586
601
448
581
560
583
542
674
574
448
452
437
542
508
532
492
618
372
487
535
369
519
641
506
468
408
453
663
398
338
467
392
541
335
434
536
586
473
496
616
409
660
597
658
555
552
547
538
621
472
605
463
630
540
506
470
375
523
497
625
579
700
503
573
336
563
563
613
444
698
526
509
669
471
391
640
440
530
488
597
401
500
517
627
578
387
590
597
592
680
671
392
326
454
597
446
403
407
384
392
519
425
593
671
490
467
464
397
530
596
355
450
692
449
487
512
513
633
500
426
524
511
492
555
527
464
572
487
604
583
457
492
550
434
551
313
594
423
652
547
643
550
671
500
465
557
480
489
524
585
713
530
593
460
330
649
544
617
534
524
466
413
631
493
535
349
434
443
399
348
508
508
534
532
583
535
622
378
471
594
375
531
432
360
550
595
298
586
527
408
533
617
465
513
630
444
570
573
494
437
445
362
562
551
448
605
682
412
469
377
588
477
623
375
511
458
295
515
513
667
462
595
544
462
359
504
342
585
435
540
632
491
579
466
407
634
374
430
446
603
605
645
467
622
476
556
373
587
343
519
444
589
461
452
474
528
546
355
618
551
375
452
401
669
712
532
539
379
688
706
552
531
403
390
453
550
593
552
616
678
562
415
347
500
474
536
281
614
519
594
693
616
581
525
532
458
626
614
581
485
725
552
398
401
581
419
523
535
457
255
503
516
354
411
414
290
580
516
465
528
506
490
538
348
466
532
610
609
461
479
658
544
538
664
571
479
486
749
356
704
493
698
512
270
403
614
667
512
564
573
593
507
419
535
512
591
652
413
551
441
712
502
489
567
430
532
583
612
550
423
550
545
698
709
596
542
417
524
509
542
350
520
611
465
648
523
694
674
494
554
415
573
321
384
467
518
470
549
442
519
411
603
446
445
441
522
386
431
735
537
561
539
519
478
502
619
496
562
528
468
603
555
442
582
347
582
363
412
529
408
362
658
379
539
504
628
494
445
626
692
356
370
514
549
560
518
450
442
599
341
589
459
546
416
433
417
523
525
507
555
650
364
531
402
442
313
581
579
510
300
410
523
505
660
688
633
541
561
525
488
422
481
451
631
442
558
524
560
553
348
520
531
644
421
484
469
695
615
761
547
639
579
635
618
461
397
435
625
408
594
519
470
474
594
363
555
365
523
372
536
366
499
430
309
551
348
588
522
500
388
590
498
441
414
374
406
653
485
488
416
442
662
416
418
438
548
584
322
474
671
557
522
402
650
371
502
390
518
418
525
354
437
566
325
556
527
489
484
430
441
528
351
544
458
548
469
551
548
419
705
524
431
413
551
653
495
565
505
520
590
535
495
488
446
466
601
577
560
400
461
497
465
540
485
408
605
409
628
497
412
571
396
495
511
726
522
456
590
510
630
480
629
602
367
377
379
498
570
394
675
446
577
459
359
541
640
422
599
542
317
526
477
579
637
450
508
523
470
705
439
479
499
524
428
500
515
601
591
569
365
535
425
381
444
426
603
452
578
430
412
623
515
477
601
564
465
452
541
588
376
352
442
581
572
549
624
526
493
556
499
445
589
510
360
466
591
522
495
467
335
433
309
538
495
541
394
619
530
477
429
446
549
544
491
648
471
686
528
519
451
350
524
397
342
470
525
477
387
554
650
487
532
385
451
574
391
610
454
652
456
507
461
496
352
636
648
477
478
578
445
489
436
647
360
543
579
574
534
475
607
415
394
590
213
448
441
422
533
300
302
587
412
587
482
415
524
598
654
521
485
425
405
453
437
424
363
587
527
685
565
480
550
615
531
498
287
605
402
595
542
660
423
539
533
557
562
416
481
611
410
511
477
482
526
431
437
492
396
438
516
372
546
472
455
417
526
481
423
556
431
661
667
261
367
449
541
511
566
488
493
483
557
419
534
543
506
388
695
447
508
575
543
561
360
483
541
435
599
619
520
627
463
532
578
385
443
514
425
596
549
552
506
448
474
498
621
461
614
465
485
435
536
468
547
413
691
475
474
342
298
530
408
410
475
366
531
407
558
505
555
494
369
378
415
636
410
373
382
641
472
268
641
514
541
584
392
417
501
428
469
376
387
616
509
512
582
544
533
455
529
458
511
551
611
626
598
523
521
660
550
492
495
622
671
591
540
542
417
541
561
583
483
515
488
556
418
456
427
518
540
536
468
481
523
535
464
550
511
366
558
362
398
351
572
561
536
470
326
507
404
540
314
359
659
528
572
416
602
600
558
323
635
431
476
457
457
544
549
521
554
386
411
463
524
367
476
482
510
481
693
551
408
439
640
362
373
507
549
603
549
624
661
515
580
537
485
460
415
308
343
449
693
478
455
483
536
464
597
670
460
497
643
510
495
600
471
455
548
366
313
455
351
504
561
521
596
601
609
537
447
451
525
514
583
654
454
669
519
427
481
521
532
572
532
695
683
584
390
390
484
568
457
529
487
548
467
487
465
554
637
645
382
638
347
546
565
578
558
575
539
528
555
611
467
422
651
554
417
608
618
563
464
572
573
617
604
541
548
280
397
397
444
599
401
519
514
625
478
483
568
358
480
496
487
513
480
705
416
386
588
416
509
673
502
483
571
581
517
680
524
605
489
543
398
482
589
591
617
520
585
568
598
534
566
480
574
560
361
451
498
394
592
525
357
438
467
446
642
576
573
445
478
385
377
455
504
417
445
554
584
610
367
533
582
473
573
539
475
501
427
448
356
386
444
631
309
376
456
607
496
541
614
413
480
495
450
388
539
517
490
440
505
456
406
593
389
459
560
540
522
302
455
471
495
283
475
342
386
324
648
510
382
556
557
505
615
537
532
386
472
619
497
494
494
506
561
458
459
596
507
406
588
468
439
491
662
478
504
596
507
590
575
535
472
444
587
531
412
281
538
511
632
370
418
664
666
363
593
489
493
373
281
548
470
389
328
546
607
564
520
491
411
710
346
378
493
453
604
453
494
396
456
336
424
388
557
515
406
415
593
467
597
598
373
578
620
612
492
490
542
629
408
497
531
478
511
447
576
264
689
438
533
302
521
546
668
443
522
672
412
703
430
508
456
418
399
603
349
414
585
596
468
474
599
561
505
505
468
526
395
560
430
445
373
373
706
561
442
542
484
531
463
493
408
500
485
517
627
431
440
404
615
610
473
589
416
455
583
530
459
501
571
598
462
425
499
757
509
510
603
619
658
609
442
360
559
501
647
541
516
675
454
658
496
518
466
490
395
499
498
611
337
432
375
429
474
378
370
471
560
421
424
636
568
689
446
372
623
501
596
614
405
473
542
407
403
418
557
461
543
667
452
479
557
646
666
362
513
561
551
578
592
451
558
675
539
482
455
500
574
297
532
516
400
457
474
545
516
507
515
575
608
585
627
531
402
501
577
460
570
580
428
334
379
538
665
596
545
522
384
405
546
428
477
546
454
474
422
633
614
411
247
413
401
609
382
573
419
456
673
364
646
378
460
505
525
711
600
452
376
540
468
403
397
620
498
376
491
375
541
467
460
547
466
350
523
458
539
608
543
718
581
414
427
427
542
294
526
550
609
577
494
514
423
337
362
546
403
487
339
241
474
425
500
593
693
357
402
461
590
542
502
461
565
492
511
550
473
440
569
514
330
550
518
638
564
431
540
318
473
644
461
529
461
458
466
409
454
537
744
604
646
537
394
479
394
520
493
600
501
474
591
455
406
495
380
544
430
340
534
650
365
377
427
262
367
590
527
580
519
501
605
526
327
515
539
561
553
538
677
545
616
442
574
437
406
491
303
538
484
429
336
453
470
432
553
514
642
289
450
553
492
549
389
561
570
488
651
416
479
546
545
476
340
340
563
540
408
564
567
446
511
526
611
419
540
306
576
627
464
548
711
386
409
686
552
542
559
458
491
464
530
393
398
788
532
605
385
550
512
614
550
661
586
433
554
444
542
399
648
556
438
638
437
591
487
433
657
416
323
629
472
519
536
484
433
666
310
546
716
316
522
565
401
553
501
700
400
586
530
475
389
548
600
321
519
566
567
482
442
584
507
514
683
505
535
515
530
577
723
318
592
676
501
607
553
539
315
541
597
605
478
519
663
423
438
477
357
524
451
322
544
477
438
421
601
370
599
486
557
580
487
637
611
387
284
372
392
360
464
317
598
515
538
519
541
422
627
477
441
440
468
526
547
452
530
592
602
478
514
530
707
506
557
586
380
524
375
489
574
506
629
453
332
555
387
506
476
717
510
541
451
420
575
586
384
642
627
476
383
313
549
615
555
531
412
386
554
696
419
693
597
526
499
430
354
537
530
459
424
661
664
471
515
673
553
444
490
418
735
412
614
427
448
442
428
545
514
375
452
405
489
381
541
663
645
429
395
434
554
505
513
504
261
426
621
448
592
656
586
552
525
559
635
602
377
606
548
607
569
567
404
458
447
601
438
538
619
573
642
570
675
520
565
677
639
369
524
507
510
495
563
606
379
546
526
401
677
237
561
314
457
556
548
682
428
503
506
629
531
463
590
382
357
348
377
657
334
464
582
469
515
524
327
428
525
639
692
540
460
617
386
585
634
333
524
571
592
520
561
466
459
654
713
656
558
417
374
536
493
624
564
447
553
597
400
492
496
328
620
509
407
377
585
424
480
564
547
618
577
659
527
437
475
358
688
655
390
530
395
563
578
412
508
499
631
470
576
446
524
364
523
632
601
431
489
606
299
465
564
441
431
467
614
522
532
583
543
541
556
488
379
385
578
605
367
443
523
371
572
626
399
568
522
710
459
389
329
459
634
494
325
569
374
625
508
596
565
510
463
463
520
373
463
539
568
472
585
560
341
447
415
408
733
377
658
429
392
417
523
552
515
455
751
608
594
517
514
480
377
549
542
393
428
531
609
512
490
424
474
291
616
361
522
492
505
220
362
468
422
492
514
487
538
532
578
572
452
402
476
444
760
460
408
692
509
362
510
635
600
445
592
419
487
503
552
486
553
455
454
529
544
562
538
717
566
392
337
555
365
568
431
566
599
443
512
518
511
456
469
435
404
692
561
412
586
515
446
492
435
579
644
386
511
459
451
444
640
727
711
550
555
539
506
461
524
604
550
677
601
372
492
540
382
356
441
708
612
466
455
564
549
659
362
469
496
280
532
629
389
514
550
509
598
387
567
537
656
359
538
469
256
615
626
368
424
497
469
609
482
371
600
492
581
451
504
545
333
456
395
536
482
334
551
476
465
468
484
321
458
458
514
351
480
504
612
718
572
558
404
438
638
630
288
432
382
579
450
499
433
498
650
475
728
344
544
540
399
546
645
566
436
668
531
607
572
440
464
540
504
369
636
448
599
690
560
265
648
592
537
563
538
473
411
564
534
480
427
421
485
453
434
450
372
367
320
504
539
396
524
504
471
520
390
603
610
285
499
569
395
572
537
642
719
351
495
642
631
603
521
533
500
457
366
620
391
540
492
588
495
453
516
324
510
726
540
435
530
518
551
417
446
463
384
540
622
534
501
634
479
542
384
347
439
461
445
549
580
513
528
457
497
679
622
574
521
431
461
547
547
578
469
600
410
581
579
575
524
511
614
542
461
353
565
174
497
423
621
463
372
550
431
491
597
663
488
584
576
465
474
444
478
543
413
489
744
520
539
468
431
422
288
526
437
491
641
372
399
615
655
401
448
499
429
384
455
504
450
667
446
540
480
492
619
397
437
611
509
499
520
522
518
564
510
601
664
473
553
451
511
346
517
439
593
414
429
528
493
521
566
441
516
380
468
410
504
387
563
463
639
532
721
291
526
551
438
557
588
420
492
534
669
570
462
579
429
498
386
471
420
517
580
429
639
651
501
579
585
633
542
512
471
426
593
618
526
556
562
549
657
548
501
473
352
431
419
548
489
610
464
684
470
600
496
543
601
617
519
508
503
451
400
633
574
554
458
557
556
683
558
500
464
587
438
549
553
556
600
520
502
501
397
522
503
403
551
322
687
504
439
553
599
370
589
473
470
509
521
544
402
564
476
587
434
461
549
511
336
546
678
367
593
565
573
400
455
378
542
544
581
555
590
520
579
623
583
640
497
533
592
539
533
582
548
528
460
619
609
526
440
540
523
693
448
519
482
594
397
455
621
522
470
375
422
513
547
591
506
490
640
482
531
624
623
409
545
574
516
594
410
638
577
569
424
603
407
586
289
243
439
523
466
392
385
374
345
488
420
458
387
554
489
578
529
357
744
320
423
345
524
424
514
595
545
462
422
588
582
531
362
568
558
385
455
550
605
630
601
506
465
475
581
557
556
654
457
370
600
429
481
474
547
466
411
511
496
481
484
402
582
403
504
463
616
583
443
398
578
458
655
494
598
506
475
473
637
565
497
566
451
502
727
435
600
658
480
418
511
489
684
459
530
394
580
530
516
360
570
596
571
339
559
411
524
579
569
377
422
571
626
445
589
370
678
556
448
427
562
494
621
530
430
386
536
495
644
593
410
583
419
612
431
573
514
444
587
465
445
414
451
370
406
411
465
503
616
382
513
400
462
368
644
550
542
631
469
427
579
544
441
456
477
570
351
615
591
411
397
425
404
495
439
325
369
551
392
294
637
634
571
478
497
511
716
406
453
515
515
590
544
431
592
541
461
471
544
565
461
410
523
752
448
482
388
504
653
661
355
336
597
573
418
539
661
563
446
407
536
484
669
603
658
603
533
353
467
546
588
511
543
464
555
526
521
470
557
714
471
414
387
503
698
646
552
476
458
469
493
630
524
392
504
528
368
564
421
601
411
394
400
526
661
527
464
517
529
433
396
585
581
687
479
452
534
426
559
535
413
533
551
448
626
336
634
444
528
584
489
500
428
564
398
313
645
446
603
575
557
421
514
517
489
527
526
567
440
549
483
410
546
590
478
336
667
449
523
332
323
489
477
421
509
575
472
469
434
611
496
405
327
333
513
520
610
341
403
547
550
595
561
619
467
365
580
600
513
531
516
577
514
340
460
353
650
497
369
571
547
386
588
531
525
380
366
362
701
500
424
585
403
415
206
416
446
451
389
380
559
506
545
475
559
378
482
500
525
545
428
503
402
533
449
502
478
537
552
608
486
640
508
514
534
505
493
631
452
665
563
502
434
460
343
460
657
403
503
417
519
500
405
381
497
263
384
547
511
622
574
356
593
565
537
573
552
527
493
673
649
590
499
669
580
490
615
364
644
616
552
618
481
574
509
582
609
573
491
508
521
490
400
573
589
611
396
497
582
450
613
368
468
553
432
484
459
356
542
508
395
616
564
611
505
595
620
524
505
784
515
661
497
520
346
451
654
518
476
401
719
382
519
477
450
542
604
369
440
616
482
570
544
644
467
568
445
568
657
437
444
443
510
490
542
305
442
568
677
576
537
558
389
544
546
461
452
492
464
357
703
523
458
510
303
483
404
628
691
563
666
645
528
512
681
428
456
504
484
560
549
366
566
451
401
512
550
433
358
472
455
456
587
347
606
494
658
505
303
333
519
465
542
577
378
476
593
442
342
521
570
490
669
663
417
474
410
542
551
583
582
455
523
679
461
521
553
677
501
598
406
624
436
530
416
476
536
545
347
590
579
509
502
469
362
451
505
640
502
572
762
409
538
545
532
551
552
290
660
486
452
582
535
546
562
459
449
505
295
656
491
394
613
522
554
549
445
461
505
679
477
428
627
411
501
502
422
404
505
686
230
586
537
291
420
487
608
425
279
513
478
352
396
592
332
584
669
458
419
362
414
603
581
442
537
478
549
529
457
449
529
529
370
583
500
545
569
414
244
441
348
446
396
574
518
492
708
481
333
504
442
518
638
570
346
365
529
532
525
485
676
373
470
454
465
461
362
517
429
571
602
353
411
185
334
565
653
648
561
461
452
538
401
486
648
423
419
406
491
448
427
340
667
508
615
597
478
681
614
564
570
722
678
497
472
491
529
711
361
349
620
397
358
594
537
611
697
421
691
533
518
521
578
503
551
393
504
630
446
519
615
646
582
589
581
497
411
481
579
622
488
547
410
588
385
479
488
602
261
384
571
578
464
470
581
543
556
391
428
441
532
777
429
467
566
516
631
450
465
512
601
510
570
450
676
561
556
365
577
435
370
579
348
377
416
533
438
750
502
461
411
605
528
402
611
377
615
396
571
546
647
364
490
511
697
497
481
431
527
532
440
437
519
381
498
495
364
533
517
500
559
598
596
408
470
539
465
567
439
378
549
497
581
527
453
501
597
584
572
536
429
529
596
652
340
434
693
658
436
635
552
374
572
528
607
567
579
494
559
581
494
533
252
535
481
463
428
441
710
536
625
436
449
537
521
550
501
437
251
458
606
482
546
638
546
416
493
573
506
545
346
582
685
596
566
513
583
418
317
363
455
725
489
423
586
645
573
517
592
357
460
555
354
556
630
499
420
402
518
471
437
482
489
562
534
528
529
399
615
537
571
520
468
430
603
516
443
481
505
497
612
393
559
640
525
393
476
404
378
406
540
600
371
565
456
660
497
683
435
631
509
504
615
478
571
517
379
441
531
663
547
492
360
507
482
375
611
466
471
491
624
700
535
506
251
394
538
470
592
547
481
527
593
342
564
567
447
385
571
470
533
476
448
456
561
543
540
544
586
440
526
395
606
483
613
542
656
560
452
490
558
581
445
551
522
470
393
523
509
547
555
648
363
598
431
473
415
662
328
546
543
570
651
410
463
389
630
377
434
425
483
506
317
380
561
479
357
614
487
481
592
528
416
490
450
436
453
470
458
593
387
553
486
681
528
444
498
570
297
501
580
466
437
554
459
511
499
485
354
650
429
509
660
456
566
326
425
461
489
337
571
724
433
598
589
497
567
459
615
485
510
472
595
435
575
455
441
514
458
352
507
421
570
482
509
565
397
569
529
659
494
436
540
451
489
619
527
548
693
639
561
334
643
635
518
543
573
487
646
518
546
433
586
499
644
537
363
417
550
428
497
648
547
648
476
455
538
495
440
549
497
491
392
418
597
546
325
594
392
732
567
615
332
524
455
528
671
509
469
542
350
472
449
276
381
584
553
443
390
402
645
379
543
574
394
767
500
569
530
460
526
650
420
544
543
382
486
552
461
508
615
479
620
662
462
352
519
535
648
381
586
364
522
396
434
431
677
462
447
481
359
261
477
608
395
633
610
428
529
477
527
458
479
656
425
514
573
335
566
668
332
434
517
441
427
477
546
475
423
317
601
497
461
596
355
508
454
639
436
560
404
342
524
379
462
350
587
433
435
657
455
517
386
636
467
400
492
572
523
436
490
505
544
469
346
511
561
513
526
597
783
312
530
508
575
388
346
409
373
383
534
373
478
344
302
576
482
494
421
332
526
482
378
458
592
500
496
386
728
539
552
504
342
562
520
566
653
451
506
592
464
600
401
504
476
284
547
609
411
473
308
512
662
514
592
606
543
511
490
548
511
521
370
599
434
481
400
540
555
488
671
505
435
503
388
688
325
531
419
377
494
454
484
410
558
542
520
585
496
587
450
345
520
447
552
594
615
472
599
522
473
444
484
531
446
475
575
363
419
518
470
527
620
659
602
496
505
284
594
415
575
346
500
393
498
537
689
498
462
507
384
606
597
446
408
323
573
477
477
556
584
437
392
616
527
516
660
562
409
280
445
839
237
493
540
554
582
519
694
623
599
612
361
516
476
671
473
540
617
649
491
364
530
482
595
521
426
696
460
492
652
521
447
475
615
553
448
476
542
509
386
579
621
420
513
556
617
645
561
345
552
603
696
481
512
553
495
479
577
625
557
578
404
600
446
362
489
493
518
387
627
534
511
419
593
628
428
541
368
551
651
672
455
392
348
507
313
685
432
414
487
349
475
573
699
461
456
399
602
418
364
588
483
591
484
528
669
425
449
434
569
600
433
659
477
536
336
559
543
365
492
370
492
597
439
489
390
574
434
326
601
476
418
404
547
503
619
567
439
462
535
588
506
670
501
615
445
449
525
631
463
575
506
485
533
657
489
439
574
487
636
507
560
533
507
501
349
480
475
451
555
405
448
581
628
647
500
290
623
488
459
464
485
647
286
482
454
440
416
576
552
671
587
443
476
575
426
617
568
547
492
438
518
562
345
310
601
614
474
610
509
588
632
561
435
618
469
605
467
452
554
558
362
451
446
501
557
541
425
392
313
679
522
462
277
475
565
618
519
516
493
576
690
504
495
640
656
657
408
553
616
476
613
504
373
543
751
329
565
660
579
489
448
572
582
290
521
504
402
569
341
561
586
508
409
656
536
590
651
369
545
458
538
509
563
433
461
694
527
360
633
601
512
461
554
542
646
539
660
503
394
468
547
448
481
451
493
426
429
583
545
549
634
439
567
480
372
371
418
608
506
573
491
711
568
607
444
469
603
649
491
554
302
437
418
509
492
559
623
600
458
595
502
584
543
530
683
536
560
586
669
306
515
502
567
433
450
553
481
635
500
554
662
520
485
507
408
520
530
473
422
581
304
439
500
542
611
533
320
468
598
550
470
411
344
358
552
502
489
432
454
500
526
473
429
549
538
409
520
374
511
462
616
398
451
478
384
545
523
619
670
630
470
438
522
600
573
353
553
285
669
367
380
464
479
436
549
444
481
418
348
522
557
441
552
551
613
293
523
311
495
533
397
484
527
466
610
579
357
402
411
522
435
532
470
433
529
607
466
624
553
367
497
546
506
377
340
405
565
399
401
422
574
765
483
553
502
576
567
478
632
585
672
440
298
299
518
413
482
583
425
533
678
398
568
496
364
399
608
627
424
546
710
399
656
593
548
492
515
609
509
531
466
365
599
462
461
405
563
426
366
482
526
420
534
597
373
426
301
542
468
638
451
445
472
553
589
413
566
355
528
622
492
329
546
495
680
329
390
409
472
553
508
568
540
517
479
608
442
506
435
421
492
383
524
413
419
626
466
625
535
573
480
485
497
488
581
488
537
430
502
519
512
305
529
642
494
563
370
406
580
412
452
540
656
603
304
594
450
583
591
418
552
351
565
535
523
579
513
651
661
514
325
468
508
477
481
534
467
510
487
316
571
562
506
465
469
376
496
353
490
365
626
604
531
581
562
617
504
614
636
619
607
430
544
348
486
422
430
441
395
480
622
547
487
448
428
571
455
435
421
614
506
527
606
613
555
580
542
653
469
493
353
557
460
447
574
469
521
475
451
524
455
449
365
551
580
586
651
276
679
600
444
551
393
717
436
415
583
485
502
563
540
465
600
529
555
363
535
463
451
568
476
692
581
474
396
503
525
540
432
394
479
507
327
666
497
498
609
372
579
596
525
469
545
412
570
517
524
394
312
618
484
828
557
584
438
551
453
506
384
450
427
678
372
473
474
353
560
528
545
383
328
445
637
523
379
533
482
404
402
477
394
465
516
487
480
324
474
437
549
543
268
661
566
455
534
469
583
459
416
548
460
602
430
496
397
326
457
479
412
485
493
551
616
495
656
471
590
450
498
373
487
383
603
416
418
544
440
470
460
556
410
364
505
476
625
463
457
390
408
414
570
587
500
479
334
389
507
455
553
478
489
466
422
445
540
494
338
538
375
443
299
606
606
569
344
569
668
531
540
406
591
451
490
486
571
530
712
551
461
551
588
674
365
479
519
630
551
474
493
655
532
497
541
396
514
503
645
339
501
594
461
628
449
478
390
523
455
623
449
388
339
542
467
518
327
575
480
331
556
466
477
494
442
444
492
538
426
563
313
494
408
606
610
490
544
459
481
424
531
358
457
697
378
417
470
597
353
437
494
562
332
591
468
603
510
278
570
459
639
400
486
647
218
378
550
324
673
451
421
650
580
390
609
445
587
486
635
307
493
567
369
372
463
445
584
682
407
453
475
490
336
260
457
551
609
430
452
375
468
438
573
569
486
440
628
507
559
597
689
402
454
446
547
558
606
499
584
526
633
516
333
399
448
393
596
599
340
468
647
563
555
363
460
656
431
538
612
441
436
446
486
499
497
525
618
381
651
696
593
448
510
407
523
568
527
648
650
498
562
688
421
542
387
617
640
719
529
511
539
458
476
577
605
643
562
376
487
513
587
509
493
372
368
605
496
363
471
471
554
574
533
625
616
368
449
350
349
467
577
510
347
650
422
451
613
568
394
483
383
625
617
417
516
718
492
586
490
615
594
509
390
381
414
517
465
406
441
550
460
436
582
550
473
736
467
381
314
552
613
523
461
497
322
381
413
591
663
471
551
601
589
371
586
331
612
593
543
477
437
501
442
534
392
669
431
463
579
464
466
360
363
668
560
576
480
529
331
429
416
447
369
551
439
481
394
470
553
503
411
467
569
370
516
314
467
613
478
443
414
452
448
606
415
470
262
516
478
610
460
425
625
554
423
429
258
417
516
501
525
577
376
530
455
605
515
459
516
347
452
501
551
596
548
605
598
354
419
660
536
678
502
526
572
450
569
341
497
391
627
482
357
416
513
542
489
489
355
518
515
443
542
583
301
451
534
442
407
466
552
363
459
241
407
500
393
518
562
477
594
533
473
286
667
321
449
632
572
664
445
605
325
502
602
460
539
613
704
614
564
445
477
704
533
488
270
504
501
618
510
625
515
585
351
679
344
496
664
375
292
468
463
553
514
536
534
408
366
568
505
457
524
385
448
572
510
560
465
367
586
612
600
550
468
320
361
518
584
482
440
506
525
550
581
521
491
479
576
565
546
699
479
627
564
583
375
404
435
536
321
429
634
535
560
498
583
633
494
510
608
558
404
521
525
482
615
470
481
468
595
472
443
419
577
394
573
583
622
452
533
553
723
350
599
449
482
440
451
427
589
610
351
588
569
334
499
543
534
539
630
402
541
636
521
534
416
590
448
537
542
565
451
497
380
641
434
460
508
507
458
395
507
451
450
562
697
480
441
530
490
477
559
507
596
429
392
517
571
545
690
435
626
677
528
458
418
473
497
400
477
339
452
406
432
396
649
438
592
502
289
585
535
280
322
686
508
414
566
537
430
438
535
563
378
476
352
487
510
447
562
465
606
433
580
416
493
680
621
470
687
352
640
452
559
413
461
602
610
554
584
576
719
566
356
599
586
473
452
387
435
587
456
616
473
411
585
556
473
482
434
501
581
502
497
503
462
460
431
324
460
551
401
253
577
592
610
556
455
515
604
515
582
641
598
461
619
428
463
656
497
495
555
400
603
507
554
437
550
607
550
508
390
447
585
429
419
633
636
442
574
470
581
435
693
449
590
470
491
633
510
522
636
371
487
474
497
472
474
495
469
503
501
379
502
525
547
421
495
514
662
769
595
537
547
585
560
525
380
395
416
551
447
510
522
605
430
441
398
549
412
485
531
623
538
456
359
443
413
560
541
506
533
450
757
570
402
644
693
503
509
459
544
622
391
373
501
638
404
470
494
369
447
646
534
360
608
499
534
556
474
432
415
491
443
483
591
394
526
520
537
489
584
433
515
301
590
569
502
404
568
548
497
593
663
471
464
555
313
524
493
527
644
539
482
580
500
581
430
337
567
503
521
503
465
522
508
659
584
617
538
387
479
467
426
603
683
584
451
449
590
542
368
464
433
488
524
366
575
482
414
468
505
467
517
549
476
631
384
509
606
527
533
559
476
452
389
543
542
510
511
551
476
401
365
470
563
495
479
374
421
326
526
454
466
585
456
400
372
569
481
630
433
539
554
666
518
460
411
446
508
658
559
514
428
317
632
638
554
510
472
690
509
377
545
561
547
460
647
580
570
521
637
374
544
687
574
508
516
398
432
496
521
502
394
599
647
398
400
439
470
564
533
641
558
424
417
538
562
643
604
730
483
459
643
507
540
486
387
453
493
307
476
443
385
479
451
545
614
501
507
522
470
478
513
558
580
575
540
496
333
339
492
522
380
444
614
356
553
594
589
265
560
523
449
527
451
463
587
474
599
538
596
463
554
577
451
709
569
699
325
474
444
629
706
652
504
412
536
645
606
720
523
443
362
635
361
447
475
412
459
542
450
543
487
518
535
437
392
414
488
520
569
528
606
318
517
644
415
496
462
565
470
436
570
330
522
318
427
475
452
438
440
623
538
682
408
635
602
605
471
524
706
523
472
595
476
536
516
582
613
515
522
364
528
491
549
564
599
464
380
502
433
449
609
513
435
551
622
546
624
472
474
534
379
447
456
499
510
447
395
487
597
270
488
376
512
522
432
572
579
642
514
605
432
282
615
354
510
545
633
474
616
480
360
575
683
375
464
401
586
420
637
405
570
676
516
597
556
451
408
430
558
553
594
493
615
434
467
425
690
484
536
352
513
414
403
432
601
450
551
527
430
478
602
497
579
355
501
668
428
335
522
344
589
510
512
595
452
473
498
640
590
516
461
550
512
426
512
389
452
505
439
609
533
618
462
514
520
513
539
581
377
590
336
529
411
377
650
499
476
454
553
411
466
495
444
745
631
452
313
499
621
612
437
608
467
345
538
562
685
626
574
467
466
508
636
526
500
466
521
544
621
327
453
379
699
555
378
478
378
487
525
660
621
472
309
416
578
505
476
468
590
599
485
466
532
566
345
596
333
477
355
406
431
484
557
634
452
515
525
684
490
560
664
443
538
476
585
560
406
512
208
611
504
685
473
513
454
508
410
619
476
603
436
449
526
578
490
569
493
384
485
387
516
356
508
474
480
313
462
406
349
471
562
498
480
508
504
460
362
545
562
468
410
570
477
631
557
561
502
433
449
422
572
554
447
622
473
705
436
353
628
566
441
350
556
406
460
474
551
476
351
489
511
559
583
581
449
471
480
530
393
464
429
524
547
587
484
437
497
419
557
678
599
447
510
571
531
365
470
388
619
572
415
505
520
416
426
444
469
597
602
646
427
662
402
331
407
404
735
395
514
464
364
744
393
520
456
431
519
371
385
621
555
501
414
482
583
424
504
455
388
450
601
513
585
599
455
472
418
348
576
582
436
485
543
414
519
647
547
643
420
650
439
310
462
569
492
558
492
554
486
584
681
690
437
658
372
677
397
542
443
480
357
491
590
545
391
528
417
492
408
408
616
602
583
433
621
397
419
391
474
512
555
447
548
477
350
333
428
616
460
508
434
461
501
470
544
449
501
510
463
584
533
583
581
283
419
435
579
780
355
406
360
500
488
607
397
494
588
515
483
498
456
476
314
406
546
569
656
471
446
439
455
411
597
455
638
555
557
520
395
632
564
378
458
591
380
456
560
622
561
480
520
592
448
523
436
465
561
554
432
549
304
523
581
397
414
425
533
459
464
524
699
565
582
481
566
453
544
499
418
529
634
476
544
516
534
532
462
485
511
661
495
501
504
545
417
672
688
452
357
450
345
430
609
393
401
451
496
586
747
566
372
447
524
484
499
611
353
564
475
648
467
551
534
422
349
615
522
444
524
497
467
556
508
606
363
641
606
562
453
472
546
404
539
645
516
639
606
582
444
269
471
477
406
392
311
448
598
429
387
429
503
453
546
605
466
451
442
396
442
557
421
510
385
607
417
527
469
482
612
522
416
516
450
482
409
476
443
529
366
327
447
315
547
527
414
696
471
526
488
618
576
619
423
636
438
399
447
334
407
529
517
487
500
620
490
496
504
553
429
499
308
711
485
320
583
437
420
599
330
665
775
469
616
503
390
525
560
551
540
430
521
505
522
512
560
521
482
526
568
485
518
669
513
368
534
466
539
516
719
578
468
395
499
572
576
417
522
437
595
368
380
560
337
476
632
564
479
555
635
321
494
570
506
496
470
508
557
562
598
469
626
366
462
422
720
385
497
369
442
542
618
664
320
647
467
474
410
533
470
456
491
466
582
441
441
573
526
533
638
678
623
685
582
527
511
320
433
510
648
528
579
570
471
643
400
477
392
430
605
523
465
433
572
428
424
472
463
281
654
437
639
477
426
676
475
567
423
322
426
482
611
491
527
637
604
574
424
343
390
369
546
562
509
496
342
511
515
624
432
436
592
328
420
549
481
617
471
668
478
604
540
431
503
507
385
430
436
682
609
589
471
519
478
594
619
604
394
678
654
645
479
434
602
601
489
612
609
549
520
441
556
482
553
545
588
386
507
550
413
417
492
387
432
538
525
435
583
486
422
343
481
529
468
566
601
402
371
481
451
568
566
627
429
411
494
597
459
516
525
569
498
605
473
549
594
366
667
676
437
622
419
554
514
550
448
339
506
506
433
542
480
385
424
525
502
477
610
443
467
421
488
491
378
582
508
534
418
636
467
409
204
526
526
474
640
552
550
535
507
609
454
602
542
613
530
421
333
588
382
600
557
469
507
595
444
482
589
493
489
366
500
381
395
458
527
426
512
391
654
437
586
505
578
704
381
365
313
476
457
492
685
372
535
537
486
529
539
571
616
639
371
531
516
504
528
517
383
405
419
380
572
510
480
468
344
408
409
574
407
610
539
554
611
586
584
535
463
474
537
514
605
380
374
420
567
487
480
493
576
444
569
472
490
600
521
609
404
571
510
417
652
529
507
593
605
440
588
409
385
507
569
513
380
475
519
359
390
424
503
676
520
485
531
466
474
562
439
584
468
421
498
492
472
465
483
521
510
521
356
442
410
505
633
405
498
569
515
387
322
403
507
405
647
529
520
546
466
516
452
574
406
494
702
382
493
468
530
695
282
404
343
537
385
460
774
426
510
455
508
531
535
373
393
285
594
544
374
613
474
500
534
444
390
460
492
567
613
485
580
555
401
541
485
555
464
638
385
611
497
555
423
521
490
491
393
650
495
626
490
630
480
557
604
408
453
587
460
366
463
557
487
444
443
580
563
442
570
572
542
725
538
426
730
631
523
565
404
505
526
498
468
563
432
442
376
413
675
435
563
475
473
576
474
597
387
429
512
524
362
281
584
416
525
617
538
516
578
437
308
583
593
461
490
450
567
541
549
622
583
287
314
357
408
546
491
606
560
537
456
470
496
585
414
409
529
472
545
511
629
386
437
496
529
478
496
494
591
540
566
428
603
477
490
643
552
584
392
473
592
428
602
353
415
511
309
365
649
590
528
444
368
325
676
574
569
474
686
527
595
571
610
402
524
529
606
563
413
536
561
432
423
643
345
567
588
482
471
438
515
491
490
657
469
340
390
321
422
625
621
501
579
569
582
644
384
449
611
449
484
657
605
549
559
600
466
466
517
629
402
523
570
452
610
499
404
716
365
470
528
539
620
404
564
505
421
435
571
343
504
718
487
495
492
746
453
397
341
566
712
359
287
388
623
324
468
332
696
537
366
522
623
547
456
387
492
395
518
423
503
266
503
585
357
642
527
713
538
692
557
373
543
489
552
499
499
555
625
570
499
754
586
633
491
456
562
420
492
499
454
570
430
371
495
556
573
554
490
533
482
589
642
674
497
443
504
425
486
519
656
490
554
418
537
479
590
475
511
403
538
551
406
412
490
319
462
518
629
507
446
525
582
609
462
529
462
540
480
618
501
483
512
338
542
547
459
600
304
479
495
582
517
768
577
565
572
650
470
604
659
471
654
583
567
509
531
491
280
560
722
530
489
540
459
211
513
448
489
528
541
653
473
418
483
363
580
564
554
524
331
473
411
530
531
643
431
464
467
471
463
502
437
349
442
571
500
563
551
462
483
489
569
559
713
493
571
465
419
372
392
378
529
636
545
425
485
409
564
625
608
472
441
479
658
560
533
459
598
394
342
376
611
488
564
704
385
664
664
505
569
512
592
460
446
653
485
433
545
470
331
459
577
485
644
588
524
486
444
555
544
499
527
681
550
473
471
543
407
579
538
258
588
577
392
416
511
457
538
450
549
605
378
455
468
564
366
384
387
524
371
462
589
567
507
551
430
481
368
487
455
537
615
413
671
545
434
392
427
447
416
610
536
547
653
451
506
494
422
526
471
359
584
459
465
384
475
450
491
600
606
452
281
544
440
293
341
514
582
418
420
439
593
497
568
444
451
465
419
491
287
440
575
363
563
535
453
556
467
310
632
566
525
429
602
494
612
570
591
510
436
457
548
607
412
486
426
619
398
564
639
555
552
425
489
485
555
473
520
661
621
459
429
445
505
420
574
487
577
493
452
341
455
425
367
472
563
524
571
486
441
473
482
580
500
411
587
392
545
468
461
445
524
594
334
502
559
480
653
630
610
463
659
574
488
714
370
430
519
497
322
403
531
545
524
467
578
444
661
537
504
452
561
537
405
521
565
563
477
590
668
564
366
636
425
494
433
520
495
609
430
606
461
537
469
441
428
648
469
435
423
635
519
418
464
553
507
411
454
610
608
499
478
414
563
660
433
491
388
477
568
630
493
534
311
451
592
319
443
444
598
583
548
717
452
595
453
631
517
595
525
551
468
594
590
518
414
489
451
622
479
487
511
582
436
632
589
455
455
503
418
569
466
368
433
567
388
377
503
392
587
433
562
583
522
613
493
450
545
588
533
451
606
479
504
623
618
654
430
423
534
391
535
422
483
558
591
368
554
365
517
711
468
486
450
427
402
624
639
607
353
508
484
502
481
474
552
551
465
644
659
561
455
516
523
558
580
630
281
441
556
448
573
304
485
421
444
317
440
465
577
465
548
311
539
465
339
455
358
472
496
804
505
323
620
493
503
638
538
562
491
481
483
410
470
520
652
453
474
388
340
491
506
691
462
332
632
704
506
517
223
708
548
491
194
584
618
449
618
508
651
508
650
590
439
444
499
550
454
394
473
421
513
425
464
395
582
429
660
478
536
407
381
578
560
527
508
617
566
392
448
643
491
606
304
605
293
533
583
643
466
490
455
552
533
477
589
517
475
567
374
502
460
470
686
524
561
428
484
490
650
558
649
397
526
371
523
414
418
582
616
446
589
479
375
410
442
420
382
516
425
596
524
448
615
532
573
485
659
599
512
580
410
534
291
523
447
427
459
587
576
519
435
369
685
503
445
451
626
634
476
513
486
415
561
467
471
550
467
493
507
437
550
629
519
423
435
670
521
600
571
576
528
531
550
456
596
559
404
558
513
548
702
451
621
518
585
530
395
586
468
544
563
631
520
608
398
545
453
487
579
702
641
730
486
467
375
595
524
438
415
422
444
608
481
619
574
748
664
652
384
441
509
594
595
636
574
690
522
432
465
410
516
479
494
514
388
478
470
618
417
550
437
433
585
580
695
469
520
624
397
567
464
631
680
594
519
491
341
503
615
479
347
556
498
669
494
481
484
476
531
541
359
532
616
492
529
412
375
544
432
544
519
572
462
393
674
566
419
540
508
485
472
527
312
414
562
509
343
561
649
670
337
522
563
387
569
557
643
531
685
709
329
516
574
629
764
622
448
598
442
465
451
421
579
496
512
699
440
413
511
488
410
369
566
723
433
479
413
654
651
568
643
494
496
499
654
653
476
651
436
350
422
503
553
489
553
583
473
483
413
473
542
502
581
397
552
464
489
541
674
501
513
453
475
541
467
583
689
443
495
468
520
319
491
438
494
499
361
449
673
480
529
544
443
307
552
388
552
493
674
324
469
453
635
356
599
569
491
569
525
309
491
408
531
617
511
423
510
580
351
472
639
689
374
574
423
587
485
431
339
772
659
609
462
520
679
494
615
606
423
527
613
572
357
566
652
508
526
433
582
454
448
439
453
503
374
427
475
431
506
552
367
507
649
387
380
636
696
311
677
388
455
507
514
523
472
407
546
602
472
483
506
529
476
439
341
489
477
542
454
638
614
497
509
455
423
388
468
611
337
388
271
562
500
572
654
630
522
435
498
518
408
558
624
604
548
392
594
646
411
560
498
466
693
360
538
742
334
474
618
438
509
507
487
471
418
457
486
500
350
298
523
423
447
569
377
641
468
340
445
407
400
453
447
499
578
451
575
455
487
416
478
468
524
570
515
631
552
569
548
241
505
536
756
539
596
543
562
351
378
599
464
550
704
384
608
508
602
374
328
476
449
462
318
569
591
632
409
368
605
457
623
622
531
473
610
525
614
555
408
643
459
586
419
496
574
559
555
445
601
591
467
494
446
344
420
591
776
455
555
513
464
492
394
445
476
468
393
502
500
467
592
610
409
617
440
401
614
560
458
559
552
517
521
584
377
481
323
491
410
466
332
358
647
423
472
401
449
438
514
484
404
536
458
606
385
594
442
519
637
605
376
460
541
436
585
583
555
299
657
352
513
480
604
536
634
578
388
602
548
516
613
483
466
645
477
487
420
462
616
489
556
576
584
628
475
606
391
434
540
431
485
523
484
542
407
614
616
566
356
454
530
400
452
518
469
488
640
384
528
568
440
325
413
550
600
496
594
738
574
601
585
582
471
505
550
419
591
592
538
451
498
620
532
537
490
312
604
595
499
489
641
610
389
404
554
459
547
477
469
602
408
606
462
446
463
516
557
506
270
493
545
476
467
429
498
488
472
547
413
537
427
590
439
640
568
372
490
469
523
417
493
459
344
531
377
500
510
413
508
345
453
541
366
386
505
530
574
483
468
467
393
551
653
471
516
479
419
513
364
559
482
686
551
429
721
374
482
506
670
520
401
483
450
533
473
314
498
478
660
324
553
540
537
553
585
558
587
669
311
617
519
527
398
543
530
400
454
498
510
507
681
576
499
432
333
657
523
566
474
321
544
532
421
514
563
476
666
481
553
510
352
598
258
622
527
580
749
557
667
420
455
448
501
562
408
456
624
590
464
474
493
529
608
530
660
266
464
612
466
577
609
505
601
536
606
386
551
541
547
563
576
575
405
522
423
588
648
435
391
385
497
563
557
472
459
537
473
650
457
462
588
528
313
609
455
364
577
457
610
466
516
464
480
521
618
460
486
385
492
406
502
479
518
526
434
584
433
454
631
437
382
351
513
515
458
436
522
417
372
282
368
450
624
542
322
365
354
479
497
478
472
452
452
472
500
474
535
492
426
561
592
556
635
701
591
682
517
428
615
419
399
524
637
470
438
496
421
418
510
480
564
658
485
561
557
638
499
609
474
610
461
605
644
529
430
319
469
314
362
312
522
392
560
390
721
578
594
395
374
539
577
523
580
419
490
436
591
508
594
402
464
492
542
515
497
438
349
347
550
394
463
458
699
508
351
483
560
633
526
547
578
447
475
467
467
549
411
513
336
373
456
440
487
327
515
399
312
511
655
588
474
334
401
611
411
571
559
575
590
480
529
416
512
427
480
510
404
427
433
431
533
356
402
424
433
718
645
589
404
437
664
519
639
476
454
446
467
621
587
455
417
700
634
548
499
320
653
499
564
427
460
522
431
515
464
392
518
481
399
527
352
453
472
422
515
458
394
364
504
430
529
504
501
478
644
566
738
529
507
559
527
569
528
645
508
498
675
438
633
495
529
607
433
741
660
338
514
353
577
575
600
624
457
635
670
593
587
483
363
514
691
621
530
404
520
548
548
544
487
507
663
420
592
447
683
480
371
427
597
524
508
554
384
537
582
729
593
452
486
642
622
579
542
427
643
655
420
530
517
478
488
456
561
484
625
601
415
627
392
636
441
574
617
600
557
537
550
478
570
320
353
504
428
476
704
469
496
634
430
410
514
560
608
548
300
382
619
581
332
474
479
452
524
469
555
483
511
648
591
479
446
604
504
506
493
504
397
461
545
548
468
583
566
499
483
354
355
568
415
554
333
503
272
434
457
574
562
524
529
428
545
633
448
542
600
552
589
516
597
438
489
347
482
458
392
380
448
389
412
390
440
618
358
610
355
423
607
449
500
487
496
605
463
551
492
589
483
670
540
326
308
502
417
432
326
517
474
467
516
468
457
613
550
465
545
544
367
391
334
472
526
407
561
494
672
484
639
630
538
357
547
369
505
501
608
327
377
528
495
564
547
423
536
528
598
558
537
251
658
508
468
355
410
448
583
678
588
645
509
579
527
586
715
406
473
567
421
662
485
563
637
774
559
529
566
508
612
698
327
597
406
310
498
362
624
533
502
425
477
468
330
415
303
534
495
553
660
638
519
458
429
557
479
744
682
536
353
741
434
484
311
606
637
537
608
605
542
341
514
633
546
364
491
654
694
419
471
506
404
553
403
460
428
600
450
394
573
360
659
558
425
545
462
620
386
539
607
468
509
409
589
528
484
490
547
721
483
424
552
501
407
495
496
593
600
469
568
346
492
383
617
554
490
421
518
472
544
677
668
253
537
444
547
473
540
499
460
609
708
347
671
442
439
547
394
557
483
410
551
407
499
584
430
545
526
362
432
469
402
434
541
438
556
516
729
432
704
567
503
417
762
439
585
503
323
516
515
396
292
414
528
559
498
362
339
548
709
479
437
564
421
601
451
556
536
402
383
548
521
442
628
462
435
589
449
444
383
577
619
491
588
350
607
432
554
470
515
490
502
609
286
488
300
545
493
253
364
531
518
504
553
737
539
508
451
523
415
364
450
505
542
544
577
327
468
503
529
401
493
574
524
502
677
418
458
366
228
383
518
474
483
549
488
327
404
644
623
561
621
522
419
594
673
578
527
507
498
602
524
576
420
481
505
383
463
427
532
568
331
514
477
282
408
408
538
554
607
442
550
544
460
409
538
406
580
569
522
640
495
373
414
437
427
422
611
517
366
545
467
543
617
511
541
548
577
578
505
634
519
433
510
518
553
306
371
543
626
442
527
475
505
512
694
587
485
404
622
462
399
439
591
581
461
410
347
496
444
621
361
488
689
394
605
606
574
468
648
456
668
570
519
480
588
554
555
551
500
586
470
268
560
381
411
489
485
467
573
396
440
406
585
397
461
405
413
603
501
442
615
740
429
600
786
341
363
600
552
520
566
559
304
503
479
545
408
646
428
653
506
402
519
535
386
445
472
506
670
397
416
458
675
513
530
328
382
399
470
374
516
696
438
557
633
395
490
506
428
430
462
324
606
576
474
446
683
517
455
485
571
433
497
356
430
371
440
546
471
488
378
560
418
537
388
393
475
672
581
523
568
579
504
456
639
458
423
525
559
675
424
444
447
527
491
639
427
462
502
560
371
358
494
486
498
569
437
722
410
550
499
511
492
548
504
619
314
517
453
494
543
467
413
504
502
706
459
422
521
595
413
434
364
575
466
597
455
412
363
666
440
499
302
668
442
673
549
547
531
637
482
575
476
462
545
355
611
427
588
538
593
437
325
539
555
447
729
430
447
358
511
581
460
402
388
402
498
420
508
589
501
573
655
671
261
481
573
539
575
559
600
443
402
464
563
362
505
487
468
552
392
510
538
479
459
543
567
469
465
691
610
547
517
601
298
528
466
343
536
559
505
684
531
691
538
452
440
489
463
484
543
531
417
402
415
437
655
243
551
429
354
464
434
581
610
366
631
406
431
394
422
527
469
398
573
614
447
496
454
546
462
663
558
276
468
495
626
513
460
592
431
451
611
467
579
429
529
614
697
486
542
637
582
388
386
640
667
493
688
542
552
431
660
533
557
641
617
498
343
400
455
492
583
524
437
641
595
586
661
570
415
429
427
646
541
466
512
716
519
569
556
481
507
393
542
445
579
530
516
576
525
522
494
457
406
502
474
545
564
464
489
596
444
530
514
439
587
594
402
540
482
411
479
437
497
363
538
400
519
542
657
589
468
568
533
515
566
501
495
515
655
502
616
484
558
576
603
333
572
546
502
432
419
581
433
539
495
402
448
599
524
489
606
459
400
537
330
496
423
533
510
647
575
516
410
483
392
661
319
296
612
392
483
374
586
568
530
597
773
647
531
660
604
554
502
618
564
544
509
583
533
459
497
615
422
727
501
493
583
559
504
462
376
616
577
454
429
544
443
384
483
426
394
472
657
564
554
494
570
465
656
503
526
501
456
496
474
538
446
329
425
409
493
524
659
635
357
510
497
462
591
415
584
439
678
518
598
396
565
634
472
572
645
418
525
456
437
389
395
618
497
380
502
467
564
424
403
441
554
428
381
471
472
473
384
468
561
510
655
463
633
431
587
586
512
676
485
376
497
541
571
688
640
515
462
525
401
552
314
440
395
551
365
452
706
474
353
579
439
670
577
436
388
406
502
515
375
497
578
622
554
554
489
685
573
447
583
391
511
500
515
338
561
403
319
385
529
587
517
351
666
476
584
490
554
385
574
573
383
522
587
467
649
478
669
460
376
464
535
458
612
463
490
455
423
670
445
485
581
563
490
433
388
481
448
540
465
604
528
499
533
551
552
530
351
389
483
573
495
531
452
560
657
547
337
372
552
592
535
447
510
466
573
354
430
481
455
477
402
388
477
592
302
431
312
390
496
370
624
667
318
465
508
590
497
398
479
750
535
408
496
494
561
699
611
543
491
480
525
439
610
547
431
611
614
459
228
518
511
602
492
546
531
539
446
495
484
472
609
565
461
457
345
553
368
387
563
453
598
542
467
439
545
459
487
451
605
472
519
418
605
546
513
397
514
401
481
370
529
391
486
610
513
441
549
330
560
551
449
497
521
587
540
453
375
447
530
570
493
478
697
583
676
671
347
516
440
554
280
609
529
416
395
502
665
574
327
439
427
471
560
635
516
537
447
694
464
441
263
474
589
556
548
377
611
396
597
489
325
610
466
430
516
482
554
500
339
387
564
549
515
603
490
577
441
499
565
372
399
665
555
541
511
498
602
459
403
534
558
550
582
502
494
588
476
480
536
597
413
572
446
560
259
422
404
498
640
405
399
520
521
464
556
501
670
597
529
419
560
584
666
700
664
480
489
510
396
544
502
532
448
566
413
591
518
521
631
446
451
701
623
568
497
596
620
445
503
476
438
366
485
667
520
523
525
307
467
504
506
437
547
627
457
688
387
559
398
464
497
580
565
536
593
474
531
535
459
508
447
513
528
459
469
594
371
409
532
353
229
536
652
533
511
650
558
558
502
520
510
526
594
575
519
579
508
574
318
511
687
594
589
490
571
643
547
473
327
399
372
504
538
432
607
809
519
619
443
601
483
439
531
300
452
331
354
439
645
553
526
645
510
473
458
512
550
664
458
503
476
602
619
542
569
366
670
537
416
485
600
590
625
477
437
438
452
424
450
675
494
358
476
288
583
527
450
449
411
489
438
297
451
460
493
527
555
470
412
325
547
499
599
532
383
504
585
613
333
571
458
545
458
300
390
643
472
465
586
520
563
595
537
638
543
474
541
552
460
460
415
457
597
534
514
507
574
442
460
386
421
615
608
560
522
612
493
547
501
453
352
420
509
532
666
321
495
298
575
602
665
344
563
467
404
460
680
356
516
571
497
544
457
487
462
571
642
742
502
533
538
471
550
623
438
437
416
535
583
447
510
614
507
386
538
285
499
632
495
438
467
450
678
487
462
576
436
630
473
441
499
389
559
576
466
592
603
470
428
481
458
567
362
415
450
508
599
516
346
671
511
463
480
517
500
388
553
467
548
504
454
553
493
572
444
506
553
427
480
442
536
434
728
544
471
602
664
551
564
487
622
405
380
584
499
419
547
638
379
539
496
444
437
559
700
402
461
624
565
690
606
630
507
606
516
521
566
618
413
504
442
597
490
517
585
504
585
447
404
625
646
322
413
709
442
602
407
404
383
617
575
483
547
626
434
403
458
482
442
522
473
621
410
491
391
546
684
357
483
484
388
515
589
545
684
461
399
507
596
486
549
459
561
344
477
459
460
371
525
419
536
381
446
466
555
426
454
643
390
440
560
650
372
532
534
593
548
402
516
408
529
312
349
456
579
511
450
552
438
558
347
434
591
462
628
409
571
698
607
372
658
439
484
545
492
595
426
530
462
555
463
595
481
656
550
411
490
613
380
500
515
418
505
527
385
631
514
603
397
480
440
473
546
493
516
338
452
618
468
381
503
467
568
600
522
560
635
472
566
375
540
517
621
551
455
366
532
458
506
546
572
594
461
631
492
509
464
508
399
301
438
587
345
532
594
278
359
403
489
408
414
434
458
455
595
588
478
416
447
368
334
604
535
578
482
407
526
565
447
508
360
469
487
505
481
455
573
462
597
473
361
465
492
342
554
724
607
455
524
481
622
502
474
526
511
545
555
574
439
461
509
481
679
434
306
477
294
499
456
324
443
413
574
256
481
238
561
464
678
528
564
483
536
445
559
488
492
639
418
436
449
489
545
577
392
511
425
257
686
590
666
713
580
637
476
338
346
620
577
646
429
659
431
579
552
489
317
599
545
622
464
514
482
446
561
491
524
552
600
612
562
590
567
522
650
478
329
425
599
535
514
550
551
613
632
678
586
488
513
381
422
381
547
413
413
349
571
623
399
538
486
349
473
452
616
523
474
666
556
549
359
482
570
590
518
491
533
389
589
460
456
554
380
439
642
437
445
379
628
447
396
506
404
594
676
685
380
508
565
582
676
621
489
431
647
508
534
490
356
405
566
492
564
303
319
416
502
404
665
480
666
427
521
393
626
317
411
456
438
514
386
569
568
561
645
465
420
556
476
670
444
591
479
507
566
712
471
661
620
391
232
400
681
585
386
576
381
567
483
583
396
445
448
391
603
385
535
561
544
521
546
686
511
456
495
529
399
552
310
547
441
540
412
525
488
564
502
523
438
470
710
325
532
373
526
461
445
483
675
607
528
438
401
563
608
544
634
584
506
645
553
386
623
557
423
423
407
372
468
583
458
469
496
454
512
471
527
304
566
401
567
379
507
626
362
570
710
504
446
522
735
564
434
528
670
454
446
543
514
634
562
671
477
445
511
535
479
507
531
577
364
643
261
526
506
325
327
434
433
480
399
474
587
470
648
399
489
488
470
350
643
507
410
581
502
335
351
372
426
514
634
463
564
585
472
474
431
541
442
476
439
407
440
634
358
448
692
668
599
501
449
485
743
455
549
638
392
338
484
583
374
338
457
408
622
570
544
368
705
445
529
548
425
554
580
453
426
458
556
504
520
422
544
615
523
512
511
442
354
556
407
547
582
488
344
490
431
397
517
296
497
595
497
409
570
403
589
569
606
514
436
566
512
543
556
593
543
458
644
392
539
412
628
337
525
308
408
624
535
427
610
647
642
537
533
578
498
634
455
626
542
463
452
446
537
510
635
530
599
353
526
477
528
364
268
526
459
402
564
565
386
459
680
576
448
471
372
499
420
364
494
396
425
473
646
643
618
607
510
509
556
677
504
415
645
471
571
591
565
343
459
634
466
571
571
465
766
506
698
479
610
331
583
398
381
503
511
489
510
381
528
459
485
716
446
536
507
356
425
515
420
403
425
529
510
534
575
519
440
565
379
606
507
599
479
571
656
428
323
580
676
516
515
547
532
418
382
553
403
558
383
507
621
445
621
518
457
383
553
519
428
554
422
489
520
412
373
508
487
606
508
454
541
507
393
586
617
691
639
481
435
510
546
501
555
557
569
396
524
600
489
658
550
497
551
454
569
487
497
635
648
418
471
518
405
618
431
588
625
508
541
381
415
587
602
459
432
289
364
540
414
533
505
372
454
358
460
466
465
509
556
489
427
397
609
577
542
485
505
507
541
433
382
418
445
499
313
561
462
390
495
640
371
325
372
543
553
436
481
465
545
510
400
526
366
511
354
391
425
493
570
477
459
559
484
225
570
436
457
513
528
483
483
629
402
426
508
447
371
300
395
592
488
518
336
395
503
471
402
486
417
567
492
567
627
453
440
469
541
454
432
446
620
599
478
454
514
520
566
558
469
371
689
373
419
550
686
429
443
462
671
643
432
511
529
501
476
397
512
458
562
584
440
494
540
548
496
483
502
577
478
389
608
397
526
597
596
583
458
394
578
731
469
519
516
504
468
600
541
418
490
512
428
579
689
537
541
572
503
514
549
539
438
571
555
574
524
639
645
657
595
391
466
505
487
331
455
493
560
458
440
368
479
338
683
600
643
464
532
450
347
639
520
332
366
442
657
514
428
549
601
404
475
534
588
610
576
511
388
585
426
678
499
537
656
430
600
532
516
393
515
652
568
466
365
476
494
516
543
419
707
501
586
287
489
615
485
457
545
686
544
518
568
559
634
488
520
301
469
569
521
365
578
425
398
458
588
508
533
328
508
658
454
321
563
576
383
566
529
481
403
473
499
561
563
653
714
466
495
619
619
432
621
447
382
523
306
572
486
677
350
486
350
484
594
512
519
548
481
421
407
402
581
542
558
663
511
557
552
463
655
516
501
503
475
648
552
504
502
446
404
482
543
501
456
502
449
529
531
463
650
570
594
552
724
523
563
386
489
528
537
621
319
492
507
474
543
490
538
581
471
506
500
537
464
683
495
574
432
416
325
338
492
580
399
512
527
369
610
538
514
530
352
607
319
570
516
588
587
466
563
605
576
441
552
645
533
534
550
464
423
577
571
530
495
463
415
376
428
569
636
562
632
430
541
529
458
597
576
487
518
438
296
371
416
483
467
545
512
349
375
510
555
456
521
460
350
551
541
644
319
586
649
503
482
436
508
615
611
586
460
424
373
443
685
619
498
374
720
549
526
412
510
346
371
469
481
412
534
460
472
467
679
450
683
524
528
602
547
475
480
626
522
551
662
338
595
545
510
502
437
421
591
486
580
505
580
426
342
425
548
601
554
621
540
518
710
440
466
513
518
583
289
377
530
428
444
568
334
560
495
493
631
526
622
679
534
382
513
433
396
477
420
383
555
693
445
615
551
510
578
439
513
583
583
338
495
520
554
609
572
427
397
516
489
465
530
414
360
413
439
452
331
372
559
504
635
571
409
440
576
457
554
496
536
396
386
537
551
620
652
465
625
468
472
514
687
423
345
451
484
497
460
559
572
520
451
517
522
466
617
518
478
524
674
574
582
560
350
492
453
425
466
517
437
418
530
289
511
605
526
494
458
460
536
503
566
425
527
659
536
424
492
683
551
592
585
444
497
600
372
745
581
618
380
454
543
583
624
447
634
378
549
513
305
677
441
512
705
539
550
355
434
345
439
289
525
541
414
541
618
482
569
520
582
535
407
597
488
468
262
393
548
544
418
515
477
459
534
563
638
440
549
518
567
599
253
553
477
370
357
530
585
660
655
662
510
615
544
642
456
612
541
550
470
349
556
694
569
467
504
488
419
393
607
481
414
471
596
535
495
760
511
665
316
528
502
447
528
526
481
538
470
539
542
506
453
448
535
432
519
475
524
342
549
324
498
704
378
519
437
475
540
528
510
555
538
534
501
563
603
477
506
549
441
445
414
490
338
513
660
533
528
411
583
446
516
653
637
462
475
426
538
617
475
558
429
398
504
624
409
519
436
536
558
486
599
320
230
404
327
692
482
511
523
632
586
570
497
586
573
360
462
548
473
637
674
430
645
517
384
474
525
495
540
432
305
542
483
473
459
471
462
518
613
448
568
558
610
460
523
521
511
397
599
459
441
551
551
344
403
409
481
487
562
388
649
678
558
466
509
526
550
525
465
540
517
490
552
358
525
660
487
426
500
550
495
353
603
494
546
575
485
532
541
683
582
391
361
555
642
543
507
546
545
506
692
402
576
689
684
452
467
445
523
524
739
437
483
512
698
540
350
389
404
426
599
432
474
523
509
421
472
594
508
470
400
565
369
406
729
347
707
567
455
412
503
549
613
537
740
548
612
298
490
530
469
475
516
688
539
544
373
533
693
504
341
469
554
564
575
433
503
591
380
478
565
563
640
415
462
498
452
455
457
545
550
467
522
548
610
583
570
395
532
606
432
435
521
459
406
475
487
577
518
583
528
680
605
427
591
416
470
540
684
496
652
562
662
588
696
411
541
465
349
581
647
428
662
491
362
528
454
545
360
561
436
481
614
361
549
584
540
600
594
541
562
570
579
598
581
405
458
443
617
350
242
353
482
362
378
389
532
490
385
542
619
379
427
589
420
460
670
344
620
437
616
397
482
489
471
551
521
455
368
506
479
611
537
497
513
575
440
420
529
392
434
592
513
320
628
488
459
356
611
448
654
491
515
670
547
383
525
522
452
545
527
445
508
663
566
344
508
367
496
493
554
565
553
679
522
464
547
581
572
483
444
580
522
660
537
501
596
488
685
623
677
422
446
726
671
476
483
463
364
422
559
421
547
407
559
496
418
437
586
467
744
614
562
374
424
315
638
546
578
449
534
418
462
291
571
388
517
286
564
466
636
353
509
529
391
336
662
579
533
624
464
564
502
458
630
459
409
568
549
528
559
520
598
624
581
509
391
486
604
541
466
328
604
510
534
543
526
474
444
378
462
576
505
381
589
527
593
359
469
631
396
475
640
639
427
641
396
534
574
452
382
485
578
594
611
486
502
495
654
705
454
465
557
426
473
518
488
404
441
472
464
483
601
411
589
507
594
452
558
532
533
599
385
546
448
479
413
462
454
404
452
627
589
519
548
583
438
495
587
487
452
519
456
510
518
493
412
462
456
565
474
699
414
540
478
606
405
477
650
553
510
549
375
511
437
492
538
438
452
510
486
430
431
540
554
501
587
417
512
611
462
512
473
485
643
679
569
637
528
470
522
468
529
593
642
429
602
435
477
571
523
634
364
460
538
468
455
519
518
518
601
556
675
434
598
489
570
401
434
409
462
539
656
549
448
593
376
619
427
523
559
577
602
539
423
344
504
420
562
535
494
774
623
532
550
456
569
497
474
436
425
623
559
514
432
668
648
544
558
534
442
419
566
520
786
629
440
543
482
557
433
623
376
586
409
558
535
615
607
579
596
374
629
429
432
512
319
370
701
439
586
486
468
396
647
428
676
488
477
565
563
559
615
505
471
339
577
707
438
318
618
533
460
438
456
506
506
471
555
575
500
521
623
527
575
453
535
447
431
498
495
507
593
427
446
453
451
458
446
427
519
630
236
565
581
651
599
415
304
507
538
565
548
420
607
370
574
527
645
523
455
363
521
560
439
432
654
609
517
572
520
556
414
525
377
504
537
535
521
452
404
495
401
489
708
591
626
534
368
437
458
402
577
417
515
427
588
487
390
502
548
625
593
428
653
428
481
420
655
508
483
455
706
343
562
410
698
467
510
619
453
544
531
392
331
443
485
673
536
547
499
470
457
583
465
459
384
256
474
512
521
514
500
503
599
311
425
402
520
591
553
661
429
369
589
473
534
419
529
576
359
528
626
412
563
440
379
276
506
688
538
433
371
375
581
497
558
472
580
556
541
539
325
485
599
679
643
542
506
457
511
469
349
474
531
629
493
622
324
505
585
610
510
524
559
494
489
659
602
438
576
596
500
607
588
559
562
485
397
569
427
540
495
753
381
514
369
439
600
547
453
368
518
642
442
475
459
464
432
354
511
451
441
424
474
584
478
526
466
477
682
555
314
443
449
622
511
517
475
525
462
525
510
472
673
508
466
614
387
511
506
486
477
353
539
412
521
585
455
509
451
572
478
569
364
597
447
524
287
294
547
566
337
489
596
530
564
481
479
487
509
548
569
482
548
353
402
459
529
437
358
585
510
425
543
515
498
466
531
473
518
566
540
492
570
344
450
431
524
510
404
523
508
435
529
471
626
439
625
346
549
572
545
407
564
618
522
540
497
470
522
616
540
404
483
550
493
398
526
464
446
596
394
434
511
604
360
430
417
545
495
403
513
639
466
527
559
306
295
316
614
521
601
650
448
457
684
436
388
550
755
671
507
510
470
506
458
574
532
371
664
505
451
640
500
499
589
428
438
508
724
484
518
556
559
408
478
596
663
547
464
587
351
533
528
635
541
628
449
547
642
481
416
622
552
632
680
480
480
559
535
420
640
377
578
428
547
593
567
567
506
402
433
545
609
575
512
289
573
505
468
469
568
410
412
505
356
428
486
666
452
582
702
481
580
512
473
464
427
638
383
483
370
509
496
329
510
579
439
488
595
368
571
401
514
398
346
507
497
394
424
602
448
537
447
450
495
511
558
618
563
535
463
348
538
600
563
433
411
505
434
438
579
526
525
481
554
553
412
533
640
365
557
581
605
572
401
443
477
571
586
417
576
609
607
528
452
463
333
498
575
315
440
500
366
534
617
629
406
378
355
536
440
579
426
479
419
446
758
526
519
347
438
511
465
424
390
436
645
422
557
593
555
497
481
487
581
413
400
384
447
618
482
439
565
578
473
394
435
535
391
629
478
517
538
478
470
595
426
499
506
521
298
576
372
491
556
583
420
301
680
539
543
395
407
484
442
600
665
459
445
354
543
601
587
499
620
369
513
443
416
586
493
641
473
510
567
635
659
357
452
450
380
412
426
514
484
379
473
643
427
422
442
615
474
491
708
448
561
514
583
516
373
480
578
381
621
488
490
495
537
406
537
568
598
520
535
570
493
312
900
654
544
585
494
598
569
327
538
343
415
465
625
397
632
726
559
528
491
531
549
489
587
478
443
595
649
569
472
457
579
528
485
593
542
496
332
543
458
521
533
513
520
520
562
632
690
493
355
515
543
360
503
489
424
403
567
490
430
466
517
427
373
521
489
431
485
396
470
400
457
486
468
569
509
393
450
513
427
546
434
490
457
460
288
543
419
471
542
405
495
545
499
492
320
386
449
445
504
455
494
461
510
608
655
414
652
599
482
636
497
433
496
765
707
571
355
545
582
499
336
516
458
507
384
350
525
513
315
315
531
440
555
616
483
487
664
496
651
425
563
527
427
575
611
379
529
507
587
506
379
490
333
459
538
445
468
565
519
531
605
453
616
679
541
399
370
392
524
528
389
583
484
459
442
555
484
426
502
483
584
463
407
580
375
592
391
393
425
615
585
445
536
520
554
566
368
421
490
414
513
479
533
562
554
363
511
439
584
516
467
546
548
472
350
526
564
321
398
426
638
530
526
524
417
614
452
497
498
399
721
610
752
526
543
494
580
572
429
460
492
662
406
542
530
609
529
477
491
514
439
632
588
456
482
568
647
454
455
612
441
652
502
457
485
588
489
472
445
502
579
553
512
519
482
469
395
544
602
408
482
563
440
504
487
497
518
532
484
492
637
446
612
446
466
427
518
343
453
530
534
458
584
450
392
464
590
494
544
520
616
384
453
412
485
624
731
477
507
466
506
526
626
474
369
258
501
496
424
441
539
541
561
579
538
352
556
521
643
572
614
491
396
668
543
375
603
479
511
494
607
440
513
405
508
432
580
580
514
617
425
510
650
471
424
341
466
460
586
585
524
493
531
504
513
403
437
508
539
402
309
511
533
585
493
596
473
452
547
412
552
593
580
628
515
558
399
418
445
487
574
463
373
615
499
389
607
495
394
468
615
501
332
510
622
476
413
488
665
373
478
553
421
532
392
570
551
479
526
518
360
487
694
655
547
580
459
562
478
586
574
532
408
480
518
598
384
619
482
491
596
394
502
492
470
473
562
673
545
492
364
430
519
585
350
517
559
386
638
635
498
554
511
500
472
400
559
465
501
456
456
585
577
529
592
498
578
627
526
415
411
429
519
522
621
434
392
522
303
570
560
355
458
431
489
471
529
384
464
635
542
481
445
519
578
276
601
465
527
539
401
458
402
456
378
475
493
398
650
554
565
456
459
450
574
479
361
495
528
482
526
296
499
485
591
692
411
442
442
452
428
666
268
449
377
489
513
476
602
567
483
385
504
537
543
520
512
495
562
336
303
444
556
526
400
465
346
568
467
562
564
563
479
513
390
495
440
532
489
346
566
511
699
541
615
479
478
402
455
423
430
509
506
598
611
369
435
469
526
385
401
412
591
573
568
395
512
522
605
391
303
508
435
540
639
431
491
620
557
545
596
529
472
432
580
565
499
402
571
499
406
337
441
636
431
520
408
453
546
474
474
483
513
405
578
430
404
434
498
624
293
642
481
554
556
573
529
542
522
479
614
536
450
623
478
548
440
592
462
466
629
527
592
444
560
459
610
768
532
562
523
544
358
490
476
291
573
570
327
634
598
452
547
563
378
607
483
468
570
626
568
558
447
365
479
433
464
626
521
508
263
546
555
574
500
628
474
498
469
531
393
504
603
444
374
581
341
537
465
462
481
645
517
545
408
608
375
556
407
406
426
599
550
487
485
518
590
464
538
453
521
420
430
525
486
533
269
433
640
566
541
493
505
659
563
522
533
625
558
412
466
696
668
560
429
439
641
407
501
596
492
382
658
626
489
618
420
378
547
410
476
404
547
409
636
560
385
522
365
446
494
662
455
377
535
570
467
417
285
465
555
650
291
495
501
457
605
367
427
427
526
408
440
404
657
563
478
605
491
313
498
359
460
575
503
428
281
301
448
538
607
331
549
375
599
574
486
605
587
391
580
591
496
342
452
504
609
621
493
527
561
525
562
498
361
588
423
440
557
516
450
625
367
521
506
697
472
496
522
404
367
646
405
469
481
434
564
433
636
384
580
391
483
469
603
651
491
525
599
590
522
462
543
366
607
327
709
456
584
520
570
440
500
545
600
480
305
552
720
460
527
655
626
467
573
383
458
535
494
447
379
498
528
627
446
378
566
516
400
367
682
536
538
446
356
437
586
480
580
438
463
431
491
301
525
384
564
348
671
599
411
405
337
355
571
621
473
496
507
485
537
546
492
620
424
453
503
468
507
501
468
367
469
492
519
421
580
658
481
584
617
647
453
534
531
561
475
281
673
581
441
501
450
547
508
686
633
563
657
548
563
693
439
610
650
488
390
508
433
537
394
611
624
772
701
527
538
501
559
489
587
497
504
610
478
639
630
536
407
522
621
365
543
546
701
454
477
496
539
580
556
412
541
350
417
353
712
537
407
430
559
457
539
381
533
620
493
650
652
560
468
402
538
505
406
592
416
535
538
581
633
548
478
528
502
578
471
576
555
485
557
530
447
486
470
459
548
638
562
432
334
479
366
455
384
566
587
554
505
446
430
563
571
531
652
525
512
446
447
553
352
398
586
508
439
542
597
407
468
582
429
539
505
579
774
695
423
525
513
733
569
466
743
418
