501447332449
495589972515
497950342174
504772111822
504952096213
498324198727
513998623130
495698069431
488674942881
506561540980
516195745233
490583441393
505651378786
488072484724
499606079369
477530844435
502825968627
507434238941
504601542664
512146446294
486166841127
507750538003
496670549990
504608735700
505763136369
500148527505
496724509142
500509006220
502106349917
504740846099
504298629034
494065672800
502054223176
510164098986
495030279049
515691371847
501818457271
487981563753
497584047831
489999625796
497243850017
498432475636
492639405580
493634810869
500397718363
511608570556
500695366230
499134677624
507000778688
511591038305
521013245053
492909784884
498447421175
502508529741
511171067545
492773433688
490320340008
522215570627
498968683239
499146352105
503599350381
513487121152
504428282721
518985341336
501743529078
490231722615
495433442830
513848937109
492349408776
510404917001
503586735427
506006203678
485779779863
494547329570
497803182062
507319185633
514027190121
516453279033
508663077332
495913963542
503276304363
499905565965
493823510767
488251604276
508454060723
488721959348
492359555468
502994729917
499744595578
489042057580
510231359986
512539548927
508299514201
502712625462
513830946382
493679253482
497262471705
481961968859
492006345641
501394383048
503769809405
510198925396
510356196984
490041346522
507122080573
503830525831
492260638543
497343356296
509103708042
492312658934
486963702847
500970424175
501050480181
495482062163
495581730650
502065301090
495269807747
514471284946
503873589562
499829188485
514416884337
502688130753
502139589285
499637845006
502525246492
491742384491
500949594264
502817319813
495967417412
493800065980
496852740195
505842898581
503485489429
503634318374
500093823891
493575988409
513664909185
504947278999
500769086795
498381741413
503211174263
497572121465
500757323002
506027920226
499397944642
514262071627
499651647200
504050039825
497886863304
513307150841
497021485193
492922404549
520650983343
506504698416
497001801015
513423496607
494268151760
491771089847
499624910324
476278307079
507625315432
492154655064
489064888833
500339590902
494856948356
501337087017
504601313720
504054089303
498864907507
498063389165
497983150469
494594561104
503431271808
511370747068
503044011234
500416098007
485469633658
484144331541
513249974912
492203961166
496461206210
509749105198
483134178872
505287418286
514616993231
500376789580
507238549093
517131268536
513949665752
488497309180
494152038137
495064409315
480054909726
498316623243
490758705542
498409118106
494009263592
501583826218
493764203462
500299819318
