294036
258855
340013
293449
194056
430906
294799
156525
210818
124481
444029
441931
263289
467918
289658
123171
489958
429471
263833
390540
196932
429848
160641
104868
134354
403442
494641
265756
178372
200689
309826
418969
324132
529195
365410
171464
167649
321638
261334
149347
151565
197213
267371
341635
282819
318812
445367
375666
292459
463815
437795
481393
107599
437734
473994
146396
254748
185964
480326
492543
347617
218623
245536
270036
526500
146478
494928
355629
118270
329741
248682
226633
429846
423723
260310
251135
416877
135601
267858
290480
351873
289242
211676
126944
354636
267947
259972
193580
452204
396480
386888
477056
289368
297416
170791
224997
252783
204518
362402
309989
